105	248	2234	279	805	398	419	464	1422	1673	1933	1324	1326	1375	1135	203	2643	2069	1586	2144	1574	2161	2166	322	1016	1418	2473	1184	2525	2559
9	199	574	615	848	1116	495	1057	288	2011	2350
275	2546	2092	2146	620	2356	2391
1346	1800	748	1907	1781	765	2278	2301
288	1109	1306	1584	2037	643	2168	62
1648	1603	654	1435	1275	1617	1705	2291
15	143	782	234	2233
36	2566	90	480	2303	683	1951	1374	1548	27	2043	1237	2270	2397
1583	1851	2607	793
887	983	86	1531	1993
1256	171	507	1824	1862	1863	1964	1951	1053
251	1146	1483	955	2060	1189	2062
1075	1340	2095	1146	1606
1322	1774	2418	2439	941
499	835	385	1337
140	323	2509	2059	1066
1054	1408	51	1931	2222
287	1021	2092	209	1743	2356	2391
275	2454	467	729	2637	570	1993	109	2115	1401
2353	2081	2540	2242	2661
46	238	1319	386	2386	1815
1662	793	1374	408	766	918	1115	1146	2386	2387
395	1688	596	1950	2559
1724	701	1019	2513
1871	1333	1164	1584	2037	2151	51	667
2328	1659	1771	2530	2570
119	1815	1669	625
811	983	2375	1531	1735
1323	1820	1182	2031	264	2582
2271	405	352	2283	2284
1765	2109	2110	2346	2418
821	107	108	1501	499	1872	738	898	1135	2584
115	1155	960	491	1856	1906	697
62	270	339	521	1659	604	1897	1137	669	969	2406	2425	2474	2427
1915	42	1841	635	2403	188	1198	1777	234	415	1068	820	1715	2386	1734	1872	1958	2102	2103	1038	2490	1895
984	46	342	514	946	1934	2462	2474
521	1081	1082	1577	2272
2543	227	2347	246	257	748	1068	1375	1321	1783	1857	1926	1941	1336	2030
829	2114	2124	619
47	2494	2589	937	1309	983	1002	967	2330	1154	1302	1531	1626	1925	1781	2294	2619	1276	1456	2663
979	1519	2031	409
1376	1843	745	1718	2295
2502	210	2612	201	749	738	1459	1687	1969	1860	2179	2666	2703
88	641	409	461	586	1706	1980	2417	1150	636	1329	1323	1600	1606	1340	2041	2278	2284	1229	301	2594
837	143	144	1951	444
2637	723	305	1242	410	440	635	660	722	2068	1999	853	1191	2386	1480	1487	1233	2393	1732	2402	2310	509	1353	2427
3	210	490	193	62	2202	1600	1165	1969	2200	2494	1250	2703
1352	2481	2309	1755
99	180	784	667	244	23	1015	1338	1613	1614	619	1443	1723	233
2532	1435	471	2028	632	770	2705	801	1511	485	1754	1867	2230	600	2606	2610	2611
870	2462	1987	1224	1643	1690	887	2659	2541	334
1574	2143	1765	1770	1938
1140	1754	2330	2604
1574	2415	1907	2530
203	1599	949	1068	121	1504	1254	2159	2019	438	2322	2376	2422	2498	2499	603	173	1626
1777	1802	90	984
2012	270	339	1556	573	723	882	1137	1967	2308	2406	2425	2607	4
56	70	255	334	456	754	2582	2525	706	300	954	2478	1296	1484	2098	1907	2246	1480	2006
2628	957	668	728	405	1016	1063	1110	1117	1131	1136	1503	2233	2625	1351	1603	1646	2272	1980	344	1200
2544	645	360	998	1787	2422	1241	2634
969	224	639	1068	1418	1517	1612	2135	1931	2147	2322	2376	1561	2498	492	2114	2505	761
1482	2067	2064	2085
405	441	409	461	1298	113	968	1922	1210	1285	1902	559	1600	1561	301	2610	2278	2284	2306	2383	2594
310	2268	2445	2327
1054	771	1921	1931	846
310	82	604	668	745	1038	1315	1114	1557	926	1762	2434	1858	2374	1427	2020	2452	2507	2513
294	505	1499	2650	1511	2230
283	1618	862	1155	2463	1812
203	785	767	2499
2471	57	1203	173	298	306	321	468	466	473	1461	1067	1587	2101	720	1148	775	129	1019	1202	1564	568	1741	2448	2118	22
1021	1910	668	2513
47	303	318	411	1832	983	1002	2034	1111	2085	2227	1088	1055	1735	767	2294	2691	2369	2607	1655
1409	597	1932	2015	2054	2098	2327
54	129	1945	2555	1261	1728	1626	2334
283	2373	2027	2672
655	2495	862	1812	2364
624	625	659	695	976	836	2074	2215	411	1967	2701
135	236	654	1107	600	40	1778	102
811	902	2419	1818	965	1117	1705	1253	1748	72	1481	1673	466
36	71	261	511	998	1791	1128	1287	2037	2583	1810	78	415
1007	1008	2426	557
39	2617	631	882	1108	2129	277
176	656	756	1764	2158	2449	2283
418	2220	250	672	1056	1122	1177	1260	1206	1184	1562	613	2589
78	157	181	214	328	393	1340	560	662	2373	671	2385	2179	422	2020	106	2417	750	367
219	2303	2227	2703
774	1145	860	1275	2383	2369
16	24	486	2555	1743	269	593	631	688	882	1529	1780	842	1338	2060	1662	948	2684
268	2089	2247	784	2701
1554	406	2515	823	1055	766	1283	1362	61	834	1939	2307
1429	170	250	306	1913	1094	1288	1358	1593
487	119	1822	139
148	278	623	391	1229	1215	1660	1777	1802	1898	1088	1482	2097	1694	294
9	1573	1897	2020
1539	463	2057	2080	782
1589	471	505	2606	631	1364	1285	1422	1511	896	2230
734	1293	1600	2428
2393	1086	2124	1694	2267	2670
6	1971	1653	446	951	559	924	316	1416	1309	1442	1444	2242	1752	2057
684	1759	1238	656	1425	96	1702
523	1132	804	1379	1380	200	2186	2317	2624
714	1530	539	2264	2242
300	593	1573	488	1687	1621
1394	558	563	982	1768	588
611	2135	1164	1584	2401	474	2157	2565
308	2666	1469	1807
1777	1802	1811	1047
1319	270	339	495	1057	1082	773	1137	2333	2532	2147	561	2474	2566
1237	1422	1337	1637	2707
1773	697	1788	1755	1794	2443	2143	1542	1185	2545
602	1588	624	139
469	416	2700	1713	1716	1915	1978	1982	2097	189
2111	1564	2239	1755
1910	2659	2242	2375	471
33	2581	398	1170	1701
2498	305	2120	2201	2233
1123	519	246	1680
300	2672	594	2491	289	1621
476	1075	2111	2385	2676
109	1743	2484	2168	615	2181	672	847	1659	2364	1333	1363	47	939	1586	2182	2360	2455	2653
2197	488	1390	1970	804
103	128	1556	588	804	841	1708	1865	1148	1146	2386	2387	2628	2384
1184	1914	192	2535
541	1319	1420	1696	1771
764	1931	1025	2015	2054	2098	2664
97	2363	2466	280	388	420	439	2619	267	1421	2214	2178	1032
951	1287	39	2605
1010	459	1526	2109	1026	14	1358	1248	1363	1364	1658	1479	2356	1449
343	1831	70	1836	755	2182
2425	1949	1710	2351
884	764	318	2681
456	1588	1593	1760
744	2030	821	2241	2659
1802	919	2297	1607
1446	2128	1134	2652
2481	1588	2161	1760
256	1987	1582	1761	2509
201	350	471	1380	1663	770	1446	1422	2344	1592	1754	2192	1180	2337	1155	2610	983
495	1408	1719	415	1931	2402	1434
12	484	1017	1158	1555	1793	2334
359	92	1732	2126
1012	1316	199	2113	372	2637
602	287	2583	1760
728	973	2203	1351
1139	2110	2185	1595
2343	822	2443	2413
1747	1639	821	1548	1055	1059	1283	1284	1389	1547	1341	2046
477	1104	2498	1718	2295
407	1590	512	1455	1606
523	717	941	988	1118
1366	163	188	486	1694	1725
278	919	2297	1498
186	488	699	2386	1107
690	1336	344	249	378	136	474	627	2257	673	698	2297	1057	718	119	1082	1422	1431	1236	296	1562	1657	1869	1947	1138	138	1432	2557
2438	596	1371	1696	1771
2144	848	1215	1573	1707	2252
2463	236	654	1107	411	1617	2518	2383
606	314	1606	509	1915	1244
119	1554	2335	2383	1525	2582
371	1012	257	378	597	638	675	1413	2569	599	1539	1776	2121	246	2543	624
877	1008	2329	1011	379	1327	1569	2067	1587	1397	68	908	1726
691	616	1557	1958	1841
290	1098	817	1063	1948	1703	2087	884	2199	1484	2259	2261	2379
2320	390	1224	1333	2280	1857
880	2257	1959	1088	783	1565	1830	2243	2244	960	2466	2186
1832	167	1637	446	1069	559	924	1132	1135	671	1442	1444	173	1781	1424
661	797	1318	939	167	637	1915	1981	2078	2497
819	1319	1371	1696	259
25	2498	745	1718	2295
351	1288	1179	1599	1109
136	638	2234	1481
1131	555	1190	574	615	848	1006	589	1539	2246	662
1464	965	966	1644	1140	1221	2479	1751	1064	1673	2703
2118	2160	1278	2167	2524
159	1311	2420	1964
378	717	413	1787
86	249	2058	2385
39	406	1474	1602	1761	1771	2129	1832
727	1117	871	1603	1818
1949	1249	1351	343	2192
1295	983	1302	1787	1735
540	543	836	1046	430	1138	188	1925	1345	1376	1640	1752	923
104	122	2006	1803	1916
244	138	292	267	468	2185	892	904	1104	159	1304	2219	2421	1542
228	712	1041	846	1965	1987	2703
106	2376	597	675	2130	1802
435	634	490	734	2494
1050	1171	1306	2007	910	440
109	170	24	234	1330	640	1175	847	848	782	1032	2387	758	141	1586	1466	2360	2455	2653
743	744	51	2316	926
71	74	1994	1855	250	261	1976	129	498	511	564	661	1835	416	787	898	173	1336	1337	552	1559	1593	1625	1646	1766	2264	2376
2342	459	1469	157
523	2658	2687	717	2047	2551
558	971	1125	1639
2457	1293	1590	1760
2158	1408	1719	2196	1931	2402	968
1578	1199	1371	1696	1771
602	1951	1355	1760
877	1449	1578	2456
2243	438	235	1101	1276	2292
357	288	1790	86
422	536	1276	1685
139	479	2623	2175	1793	1857	2249	2250	2271	2021
115	138	971	1408	468	365	892	793	1949	1978	2025	2219	1553	1740
103	114	1746	488	761	798	352	1390	1566	279	339	1888	1035	2315
323	1897	15	398	2468	74
528	957	1066	1198	393	660	722
1054	1408	2101	405	1213	2402	2703
135	2569	654	2483	1275	1617	1988	2400
987	2054	1185	2222	1766	2340	1210
946	1646	2399	2278
1658	765	435	2363
1109	2070	998	2037	2151
282	365	592	1674	1144	476	1798
2109	2110	902	2501
99	1665	459	1115	855	115	1031	1338	1613	2493	1619	2207	1723	2578
310	1080	1587	2513
735	1940	1950	2519	1871	2226	1383	2478
2249	798	738	296	438	616	2192	1111	1328	278
1119	1626	2558	2126
879	1053	1185	1531	1766	976	2384
378	638	1413	2499	1037
1373	2518	1413	1539	1865
1068	379	756	440	1659	2449	2450
582	1088	1313	1301	1498	1963	1724	1194	2195	843	2636	1101
97	2307	439	1740	1991
535	2537	1100	1223	320	1607	1482	2560
2367	1949	1960	2380
591	786	2252	984
516	2037	1360	2569	2579
166	457	2322	2403	1088
381	1165	174	308	2617
1967	231	1244	2584	1148	1597	1648
140	323	2549	2059	929
256	969	85	416	2337	841	892	904	951	1978	540	2219	2421	293
1631	1769	2591	2357
165	195	2075	216	1825	995
1507	391	1669	2074
313	2579	2461	1688
1911	190	2364	280	96	870	420	447	1781	519	1901	1471	1501	717	2223
714	833	1736	1326	1569	1424	2081	1530	2493	2001
2503	474	57	2557
596	2128	949	24	1418	2363	2198	1871	2019	2147	198	2376	2422	2498	1260	551	2505	2385
35	434	1137	634	717	835	811	1248	1339	1413	2504	1553	75	1896	2428	1618	1678	1298	2500	1223	2593
1315	2698	1894	2559
919	514	1483	2052	2060	2606	2062
150	583	1245	825	1215	1980	1821
712	1461	2047	2111	2461
100	333	834	201	744	1467	303	1708
155	218	484	996
217	1198	685	763	2162
1135	1869	775	1445
51	57	1764	9	298	306	907	236	466	473	694	827	562	564	720	826	775	875	1019	2368	1966	28	1193	954	2118	2179
445	2605	999	2256	2457	1530
1539	1918	1378	2080	1497
1951	984	1048	1339	203	1240	1222	1678
46	238	253	1944	589	571
76	965	745	1131	1751	1221	1296	1311	1481	1673	2198
1934	384	988	2363
179	258	843	751
381	139	1530	2539	2617
90	869	1896	1374	2180	416	2075	2401
1773	1908	1895	1793	132	1795	834	427	2181	2545
1514	293	387	2489	353	250	684	804	808	592	929	1556	1056	1200	2376	1450	1710	1822	1932	2026	1366	1830	2175	1640
486	1180	1388	608	611	864	1079	1389	2249	909
1006	1269	818	2040	2121	1389	2691
1164	499	410	1440
854	691	57	688	1231	1232	1495	1735	1736	1943	1971	1660	1934
2	57	2456	791	607	447	2418	370	466	323	615	236	562	564	720	549	775	2272	1019	1556	1376	1111	2128	1841	2118	2179
10	2252	193	280	356	408	1387	447	551	668	689	1471	1383	2214	528
871	1383	1380	1398
1762	411	594	1194	1795	1621
2589	2330	186	588	766	830	1554	918	480	1146	937	344	2628	2629
521	1081	585	270	2587
19	2606	571	1762	2331	1233	1193
64	284	2403	1910	2556
505	2128	1943	2652
269	2415	72	714
395	1940	1211	823	2101	2322	2470	1068
2191	2175	2275	2053
1422	1949	2040	2351
2625	231	350	1401	1148	1597	1648
643	1213	512	1958	2058
2109	2030	2130	2111	2659
2073	826	962	1115
1051	865	1505	45
1761	2131	2445	2579
749	1183	275	1332	1696	1771
2343	2031	1719	2577
1987	210	1378	734	201	1189	1483	2095	1969	2200	1434	2666	2703
421	747	1489	1919	1597	1218	2431	2493	2591
748	199	574	1687	848	1027	1388	2304	1280	2476	2182
1119	1105	833	2146
378	743	869	2084	2615
985	2440	249	2064
2055	2607	627	1210	1999	2003	2264	2515	2518	1662
1345	325	1844	655	1231	1688	177	1690	1736	1943	1971	2211	2598
0	8	384	563	471
877	1008	1871	1011	2095	1327	217	1578	2510	1609	1651	764	1550
22	37	72	104	122	124	697	1193	357	1940	202	2674	2509	500	561	1163	2652	741	771	982	1250	1139	1353	834	1360	2557	1298	434	2400	2410	2376
1474	1085	1743	1082	2195
2685	701	1270	1189
109	468	2624	453	1479	745	2402	1392	1019	2315
1050	115	1358	1499
15	42	1643	1697	61	2618	189	209	234	1028	753	755	1759	1725	1734	1872	2057	291	2250	2353	1710	739
265	829	564	1115
770	1318	1266	1592
2650	454	539	1275	1210	2616
391	607	1072	259
483	505	25	2328	1367	2220
88	1312	277	483	552	656	683	843	2187	1378	980	671	2413
100	1401	2272	2480	589	2589	1063	1110	1117	303	1136	1249	1261	1333	1351	1603	782	2682	1980	2087	1363
23	1898	1101	1770	1938
273	982	1384	1398
194	244	344	231	378	882	1867	627	638	673	698	826	1901	1307	2275	1280	1755	364	1457	1624	969	2663	1869	2669	2147	2310	2409	1164
9	56	1897	1221
268	1164	1584	278	2151
582	1563	2695	924	1498	1963	1941	148	2195	2602	2636	1418
1027	971	1393	2278
171	453	514	606	486
2283	167	659	695	700	16	926	1541	1576	817	630
1419	1509	1489	1919	2253	2426	2597	538	2591
837	1007	503	1919	2253	2340	2467	1131	2591
938	172	245	833	289	2491	612	1924	858	776	1084	1177	1163	2319	1348	1534	122	2688	495	78	2303	2372	2544	2169
9	1673	144	615	284	2019	1388	1586	970	2011	2182
823	960	1179	1599	1844
242	1635	685	1706
540	1818	1896	1794	2055
1167	1330	1331	552	1940	1968
373	1114	2449	2450
1028	71	261	2363	2454	871	1128	749	1559	1830	2682	2227	2340
242	1003	1004	51	1857	835
70	255	421	1197	514	1185	569	814	615	706	1164	2267	1025	2470	2467	1484	560	1535	2327	2360	1927
812	378	1044	1080	1489	1375	1903
2430	581	97	481	599	1810	1125	1126	381	1367	1496	1497	181	388	2316	2372	2398	654	2489	2626
400	701	1192	1006
387	129	1175	1204	816	884	432	2334
476	2387	1832	1836	839	2705
523	1692	567	305	1380	1441	2507	2317	2624
40	114	2563	121	1586	2455	1124	1390	1566	1802	1563	1530	2053	2054
264	2676	2449	2450
631	141	970	415	352	1840	1959	2361
521	1081	1082	1429	1949
2580	638	1413	2130
712	1322	575	2111	2703
294	359	370	2454	471	552	1254	1653
922	748	1233	811
445	2027	1041	1455	2457	432
138	2606	892	1713	2260	1128	1978	2454	1991	984
54	1141	2484	981	1628	1728	2309	712
2322	1408	1921	1066	2402
64	2019	1121	284	289	764	612	36	607	991	2480	246	1163	1278	1348	1723	1535	1537	1556	253	1250	1490	2544	1706
986	763	2022	2616
1766	1067	413	608	2017	27	1079	1389	2111	2378
1323	1820	1449	2383	2566	455
140	148	2493	2059	2292
331	1226	27	1833	1944
68	1213	1557	901	2058
1921	1261	1292	1301	1498	1963	2057	773	2514	473	2636	1280
61	2673	1892	2342	1542	2308	2319	2532	2652
811	129	1869	863	562	1320	943	372	1728	1779
22	1419	1045	1427	1624
173	1010	848	1651
384	984	988	1339	1552	192	1999	1678
469	2299	1095	1364	2021	445
822	1098	1719	1911	1925	2466	1124	398	1531	2206	2259	2261	1488
1698	919	2297	469
1592	8	1109	1267	1671
393	163	43	189	2461	1725
218	312	429	1408	423	2581	1539	1771	2461
46	2230	253	1256	2497	1815
96	2078	1855	2356	2075	2268	656	2482
2238	1387	1751	823	2121	2146	2691
292	1958	1235	1620	2476
831	937	1393	1263	1385	2338	2585
164	1583	1116	955	1280	1559	2032	1346
1434	995	305	322	227	440	635	1626	722	372	1092	1183	1191	180	1480	1487	1539	2031	1529	1274	1592	2394	479	518
1583	1366	1747	1332	1696	1771
1384	946	2115	1659	2283
2497	2440	2543	511
156	967	2705	2213	2003	2617
1943	265	1460	727	728	758	615	1016	1018	1110	1136	1142	957	2413	1155	86	1514	1646	1729	1331	2525
591	200	705	244	2196	447	1776	739	630	693	2489	930	971	1980	990	1021	1028	1914	1042	1043	1100	1254	1281	1653	608	1446	1743	1606	1260	1490	1501	2518	646	484	1891	1948	1979	2187	2239	2321	2501	2542	2553
2569	1802	2143	2064
2020	167	440	104	2103	559	924	1132	1135	1309	1442	2306	113	1547	1435
1440	2456	2335	2475	2569	2582
109	357	549	182	2612	1153	672	2305	848	967	1032	1363	1371	955	1586	2182	2360	2412	268
1109	1164	1584	1843	1385
1005	585	1474	1655
246	662	2456	2691	1999	2612	2264	2515	2518	2519
273	372	538	689	1134	2443	1617	1562	2413	1138	1630
2376	10	685	763	2355
201	829	962	2143
939	2080	294	2442	2220	1902	567	568	485	1118	1192	1748	1954	2118	2135	424	2247	2480
2253	965	1202	2073	2537	2222
1416	1679	1721	703
538	292	540	824	1115	1963	2057	2070	1886	2602	2636	2640
938	974	1153	1561	1223	2275
2662	833	1035	1425	1613	1424	1516	2415	1670	1292
1288	1026	1095	1364	2001	2201
176	143	411	2525	2158	2449	2450
476	1787	1871	1012	2421
1304	1566	1043	1254	1282
16	2176	842	2682	207	269	1262	631	1093	1429	2493	1780	2090	2415	1390	2530	2586	2505
769	62	1663	1719	1036	2000	334	2206	2259	2261	102	398	2643
407	409	350	964	1606
813	815	12	1077	1226
1346	1800	2486	1199	1994	2329	2157	2301
1617	109	631	882	1752	424	2129	2570
1504	2268	177	2504
1892	2030	2275	1606	1979	2319	2479
296	1650	1944	72	1408	2238	2249	1323	2271	2361
1661	2268	2445	899
528	957	1066	801	582	1762	2344
1443	1054	1408	1409	2688	2112	2127	1931	2220	1017	2703
445	1919	2253	2230	2591
2201	1679	1721	422
1054	1408	786	1931	1825	950
938	1302	2196	1583
2670	379	722	1881	2158	2449	1218
1813	1818	1896	720	1393
930	948	115	1747	1282
113	745	1135	1885	1463	1887	2594
2299	1637	1600	2278
320	1481	1947	1884
960	2427	1266	2386
64	1179	1278	919	2556
900	1249	1865	1743	2312
834	613	1801	1814	287
38	273	372	1137	611	119	1134	1143	1696	1562	290	2165	2655	663
753	754	2664	2705	2333	2583
378	638	2409	1539	170
1950	248	1847	279	99	398	419	76	619	638	439	1324	1326	1802	1543	2162	1727	2069	2088	25	2160	1268	1547	2167	2292	2151	148	1090	2335	2559
1910	2159	1984	2375	605
132	1312	355	1093	1094	1652	1659	2241	835	2228	347	8	638
61	240	1892	1716	1803	1658	2606	2479	2652
1171	1940	1950	1574	758	962	2470	2478
1501	1732	90	246	257	1631	573	1371	282	1783	673	1926	1941	2456	2682
1111	2476	336	929	763	2355
1322	1774	2405	2439	555
951	395	1552	2605
2525	1939	1543	1492	1538	1724
1835	1698	1804	1456	2289
203	1418	1894	1226
439	1047	1516	1355	1345	1348	1640
285	2268	1754	2504
1038	1997	2420	414
502	1158	336	685	763	1035
1409	195	743	827	432	735
1694	2503	1960	2351
737	820	829	420	1911	1618	1218	1146	2386	2387
2409	1999	615	2360	2475
96	1351	784	1398	2075	728	2299	2482
343	1802	1899	797
406	106	173	2129	2570
2069	1854	2615	1976	100	2122	1448	2482
1135	2400	2480	488	761	2565	1124	1390	1269	1567	286	2197	2053	2054
57	2160	1698	306	584	881	1288	2352	1593
484	2178	870	182	1555	1574
240	2144	2479	1760
2284	946	2570	1659	2283
1341	548	1628	623	1791	2666
1331	2022	100	2219	2234
1759	1680	1244	279	2698	2700
68	121	1584	283	595	1760	1710	2308	322	1617	951	1735	1779	1825	1845	1966	1027	1990	2007
1324	2256	2196	2267
256	1987	2399	166	2180
109	114	1134	453	613	745	2031	2473	416	2482
376	1421	1017	1158	2700	2518	2347
90	1019	1291	2634	1701	97	1988	2401
422	2017	1035	1069	1139	2565	1319	1180	2202	523
347	1884	1885	9	1902
2078	2491	193	280	1620	2180	439	519	705	1421	2214	501	217
1671	551	606	717	1216	2062
960	1085	1181	2037
769	58	2445	1719	1925	415	2133	1249	2259	2261	2269	2474	2146
191	1698	1804	1805	879
102	387	2505	1811	2333	2583
1949	1509	344	378	597	638	1892	1413	313	454	268	1776	2115	558	2543	2674
2008	2022	1855	1037	2234
2144	2393	3	2167	2524
218	525	2386	577	1038	447	1539	2169	2095
1322	1774	1126	2439	444
2264	957	2048	1223	1394	1591	2344
901	984	2017	1339	414	1564	949	1678
636	764	459	2355	1719	563	2687
119	1126	21	2074
2440	1659	1771	2129	926
1609	347	1029	1664	2456
42	163	188	1264	1823	705
580	1420	818	1646	1212
40	481	761	919	1588
1747	1249	1473	1623	1346	1734	1932	2353
400	1245	478	2008	1641	1909	2017	717
703	1798	2120	164	1901
2077	255	2003	606	982	549	569	200	1379	706	767	386	1025	1189	111	1484	2015	2099	191	2455	2653
540	543	603	1046	2678	1108	1214	60	1345	552	1640	1190	277
2192	231	285	2372	2245	1597	1648
860	1054	1276	2570	1427	135	1921	1931	2220	2402	2055
1527	825	1215	827	1999	2252
837	1079	1978	2493	2591
516	2268	1378	2569	1056
70	255	1212	1546	148	549	1595	574	615	2161	767	876	1048	1189	662	1484	2384	1550	502	2360	2653
938	1419	1425	1986
2061	998	1266	1301
619	273	2393	538	689	409	2347	1143	1085	1562	1573	230	2193	2298
638	84	406	1719	325	452	1244	715	950	511	1240	1803	86	1982
1642	1914	2176	387
596	2109	2110	2684	2625
960	1570	1266	1375
860	1054	1408	1409	248	0	1921	1318	406	2402	2371
1823	505	1624	1422	1511	1854
1910	136	247	490	998	671	310	749	750	1727	518	996
1623	2143	1897	2146
2191	1544	2275	74
741	785	862	1812	900
2499	1293	1764	2278
684	1199	1238	1230	2192	2246	1702
106	1332	180	939	597	638	1791	1413	1434	410	1539	1776	2440	1264	1552	1117
570	1440	1020	1246
70	1860	261	453	514	549	1276	574	615	2127	767	876	731	1189	1363	196	2015	607	1126	1487	2486
224	2473	505	600	2462	882	1020	1422	118	1822	2230
1741	372	538	689	1134	1143	771	1892	2478	2267	2193
771	1165	1500	2539	2007
1046	1047	948	200	2580	1348	1640
769	1277	996	1855	1925	2087	711	2206	2259	1910	345	1776	2643
36	1982	1672	1755
2330	814	1044	1080	879	286	1903
47	406	821	823	740	1059	2448	1284	2067	2151	1939	2607
1759	386	2492	876	1312	2700
2011	512	2450	863	1300	759	1342	2374	1728	1779
1353	1098	1719	1911	1925	1984	1994	1702	2199	97	457	1919	2379
813	2305	880	1077	2439
1224	2505	1622	2213	1958	2617
155	1469	896	1778
1504	2228	1197	728	1636	2338	2585
268	2399	2247	2263	1211
21	2081	2027	1136
916	2234	1947	2557
492	1193	2264	1976
0	8	1662	336	1671
877	826	1010	1011	1182	1327	1569	1812	1587	595	1995	2497	1192
1564	1164	1584	2037	1171
159	1997	1658	1831
115	182	468	1026	1999	929	2421
2350	1441	629	825	1215	1707	764
92	378	258	2428	2057	2022
43	1776	808	1716	1769	1320	1342	2084	1728	2565
136	2390	1413	2012
1154	162	1732	1539
2643	1408	1323	1931	52	2402
2372	1919	2253	2493	730
507	785	862	1311	1407	1167
186	485	641	642	646	704	1815	1555	2425	202	2347	1625	2514	788	456
1582	1909	2596	2043
2438	2539	1045	719	1540	1570	2176	2485
1050	2246	1492	261
367	25	510	1235	732	778
159	2227	2420	831
1300	406	631	19	2640	1771	1680	2570
847	974	1153	439	2267	567
484	175	1037	642	646	786	711	505	2378	1838	2347	869	2514	2175	2561
343	183	1832	9	1570	2705
133	368	413	645	611	656	1390	350	2471	2378
1818	1221	190	258	418	751
422	1898	1632	1685
1054	2221	260	1921	1931	2402	1503
1332	998	468	491	1856	1906	899
145	1408	1679	1931	1090	2402
1926	1672	637	386	744	1104	1177	2476	1413	1562	2490	2131	1621	107
2403	170	549	1353	615	1965	672	1499	848	967	1032	2378	1358	1231	1586	1843	2360	742	2653
14	818	427	2299
855	1019	1304	1946	785	2144	2473
1050	1741	1492	2178
51	673	742	998	209	1291	1241	1223
2046	1698	1804	1478	2289
782	1607	439	2351
104	919	127	599	2580
162	842	1170	1542	916	689	2176	2485
602	1969	1590	406
1639	1769	2330	2193
1910	2553	365	2375	2661
88	593	1755	395	548	656	683	446	906	1249	580	1860	1968
103	42	896	996
453	481	350	876	1062	20	1566	924	1979	2098	1648	293
987	641	1419	704	1555	907
47	303	318	853	887	2034	1002	1110	1111	1154	23	364	2583	1735	1319	2379	1832	2369	1965	1206
521	1081	1082	2505	207
46	778	2046	301	574	1815
391	1081	1283	2385
514	2061	2219	1661	1888
90	1002	473	576	667	2399	1374	1685	2477
745	1310	1885	1392	1902
911	1884	1885	1079	1902
64	1066	1067	284	289	583	2085	629	843	991	167	1360	1163	1278	660	2327	2376	1537	90	379	2303	2372	2544	1146
90	2504	1018	1374	577	1933	2500	2401
282	589	283	703	1253	1587	1798
418	430	637	672	1615	1122	1910	1948	2440	1496	1562	2215	611
2624	1229	1473	1474	1715	1680	2103	1072
255	421	2454	876	742	735	1812	1712	1924	2015	1914	2040	1591
385	1987	2268	1140
92	1249	446	1743	2192
445	2558	1041	1450	2457	1903
555	1926	2587	2360	2475
2111	732	1230	886	1736	2251
1167	2197	1482	1332	1696	1094
684	1199	1392	1419	2501	1550	294
148	278	1765	615	1083	1172	1986	204	421	1857	1937	2064	1832	2108	2301
90	869	1355	1701	1548	1933	2259	113
145	390	569	1858	2080	2286
8	420	1267	1671	1986	1082	2067
714	2482	1035	1218	1299	1424	43	1964	1413	1190
951	1554	627	1748
374	557	523	209
2321	1967	962	1115
1948	323	2414	2059	2292
1281	1422	1457	1637	2333
381	1249	1993	1474	1715	2658	2103	1541
1768	937	1197	1263	2175	1865	2585
218	1710	1968	577	1038	1290	1539	1866	2559
1830	2560	1398	1064	1083	2378	1660	1777	1802	668	1937	2064	208	750	2301
476	71	1771	511	787	540	209	1287	1021	1766	1810	2227	1126
138	634	2269	1713	909	1968	1978	2681	1991	2510
68	887	233	283	2523	1058	879	359	1320	607	528	2327	1779	1825	1845	1507	1979	1990	2007
624	1548	659	695	1894	836	926	1807	1576	37	278
757	974	1153	1694	1293	444
165	1867	196	216	1767
523	1671	606	1054	291	2551
831	1727	919	2707	1136	1565	1409	2243	2244	1591	2466	1540
1845	364	1746	1948
14	1659	427	1781
351	730	1245	1599	1495
1237	1422	1781	385	1657
1383	323	1031	1101	1111	682
71	128	907	2567
1631	1769	1504	1250
1296	1311	1087	1463	1512	1373	12	2596	2669
30	231	303	755	1148	1597	1918
523	717	941	697	1380	1087	2405	2317	685
258	481	776	1389	1062	1124	1566	1497	1669	2098	2468	2651
824	825	1215	1046	1367	1146
400	1086	2095	2182	1641	820	1175	2677
2008	2399	668	2219	2234
516	2517	2445	2499	2579
691	390	801	1688
2321	353	384	763	2355
56	1047	2270	453	456	514	569	615	90	2047	954	1170	1296	2444	1495	2159	2246	1192	1348
1569	45	2215	734	2494
1568	616	2247	2263	1375
360	1117	698	2333	1083	1212	1359	1431	1728	1657
61	240	720	2128	974	2308	2476	2479	2419
22	37	924	1937	2221	124	1122	1056	175	191	202	204	2277	1586	1380	563	599	2352	771	2101	1250	1251	1353	609	2475	1811	996	2257	2400	485	435
156	817	1561	2213	2539	2133
1416	701	1019	798
1054	1408	904	2201	2402
82	624	410	2307
2144	289	2166	510	2524
1652	2475	193	280	356	408	420	1183	2539	519	630	275	1822	1724	2223
1393	555	2598	2037	1800	848	1006	1032	2040	668	2360
102	754	1833	1363	1037	2379
1801	248	260	286	342	2017	1186	464	2162	1308	776	1324	1326	1527	1543	1747	2659	2069	2088	75	2160	218	2166	767	1371	2182	2473	376	567	1499
583	1919	2426	1940
256	1987	1544	2502	348
36	71	261	511	242	871	1939	1287	8	1107	1902	2227	1773
2586	814	1044	562	1216	1365	926
1541	455	523	1866
4	2417	195	1126	499	564	560	1018	1741	1841
783	884	435	2363
1072	1424	1323	1526	1637	2569
2415	128	907	773
558	821	2569	2582
487	1189	1822	133
1167	2088	2340	1332
1006	1387	1568	993	2121	2212	1719
378	148	360	2084	2615
555	574	615	2489	479
774	744	1344	1323
1886	183	1004	2483
136	638	244	308
987	1113	1185	1361	2669	1530	2384
543	2415	1163	282
2020	1519	2031	199
548	682	1791	2471	1487
580	817	944	819	2593
745	629	1593	1886	1902
1526	1231	1495	2439
870	995	1588	1224	1643	2700	1015	507	2541	594
580	2221	2249	819	1212
754	793	1088	1685
624	1296	659	2095	700	393	1309	2537	1576	1967	2346
2343	706	2443	793
145	390	1409	2251	1143	2497
313	159	512	1688
188	1092	637	1569	767	1109	1177	1260	1269	1312	1562	1881	1304
120	730	2169	175	2334	1840	1959	2392
162	1657	1045	1443	1540	1600	255	611
1983	1171	10	1310	1492	2670
514	1062	51	731	1888
104	1277	365	599	1916
570	1121	646	1246
743	744	2077	390	1708
701	1216	2485	1869
1854	1855	1134	2278	2482
1050	109	818	1499
782	1607	1415	2545
8	384	1342	855	1986	1189	2473
1346	1925	880	1077	1523
379	143	144	620	444
1320	1635	1150	1323
492	2153	1816	141
52	434	479	2378	717	1145	901	998	1339	1541	1746	1553	1568	1840	1662	1618	911	1908	2057	2110	1256
2485	793	2147	2295	1139	1216	1455	1685	2180	1228
1293	1019	279	1869
1450	1277	1663	1719	1702	2087	1299	2206	2259	2261	825	155	1256
1574	1563	1218	2464
507	331	694	882	1366	2129	875
543	603	619	1221
209	1249	1473	797	442	2691	619	2353
70	488	230	1970	592
2	2363	528	173	1914	306	321	370	1062	473	552	554	613	564	720	2055	2057	875	1019	1202	86	884	145	2412	2126	1085
1007	143	516	2431
1135	2055	896	1445
1959	1918	1940	1950	2478
391	2305	1283	2619
1298	2333	109	884	1026	1095	1358	1982	1363	2260	2226	2028	357	2653
360	627	2559	1057	1597	1067	782	924	1562	1657
350	697	1663	1719	1925	2087	2034	2206	2259	2414	2269	457	1021
484	2060	85	704	1857	1574
675	1488	1310	1499
406	822	1771	1300	2570
774	1145	1149	1376	1323	816	1025	2041	242	2335	2312	2582	558
854	956	1184	1229	1231	1232	329	1690	797	1943	2301	2211	2547
787	1811	2426	2431
106	224	1641	745	2551	2650
293	1903	1557	1245	1179	2503
1269	766	1019	1189
642	1618	886	593	1242	1645	1498	1981	2491	1282
1104	974	2196	432
40	481	761	1082	82
1244	1245	2569	2238
354	834	2597	867	2602	1072	1345	518
2331	1418	2422	1490
1237	1408	1921	150	732	2402
523	717	1360	1379	2343	996	1611	2317	1449
1143	1555	1306	1310	1492	693
2617	1958	1960	2351
52	839	1019	512
1167	597	1331	1200
1610	1228	1432	902	981	1467	1514	2176
269	2081	2438	1170
1005	1313	413	1285
405	407	409	1636	586	1887	1329	1149	1276	2286	641	1323	735	1352	1630	2041	2278	1840	2306	871	2594
744	2030	1539	2637	2482
145	999	1087	1463	1025	1608	2067	2369	1048
477	638	745	313	2012
115	138	2490	246	468	841	2674	1335	1134	1978	501	2219	1637	2510
1204	1626	1182	2126
289	442	2330	2604
378	1145	1149	398	1323	400	68	2041	1530	2335	2569	2582	1008
364	1470	331	2572
376	962	1653	641	105	2034	896	711	1256	1158	1555	1574	1165	1838	2347	2380	2112	1154
2283	279	1292	1660	944	117	2462	2474
113	1599	775	748	1886	1887	1902
418	2705	2455	672	1229	1122	1177	2677	1269	1312	2384	2215	2260
155	1802	1170	461	586	774	2373	1149	1863	1285	1293	1783	164	1606	2020	2041	2278	1716	483	2383	2594
2331	1193	637	2323
585	439	1259	1928	1944
939	1067	1801	1814	2057
395	1397	552	1958	2101	2226	108	115
2074	817	818	819	1204
9	1276	1308	2294	850	1504	1506	235	1525
378	638	1964	2006	2615
1759	1445	2492	939	1244	2700
300	96	594	1194	1137	1919
832	2067	2448	1932
103	2347	1631	588	1555	830	47	918	962	1146	982	2599	2628	467
1385	1718	106	1706
2103	1608	1790	2464
208	430	551	2130	1270	1329	1335	1336	1997	1516	2347	1459	2197	2112	2343	1599	1027	2508	2577
300	1660	1083	1448	1621
2698	881	916	1203	1411	1415	2397	2443	2454
2198	76	90	480	667	766	2470	364	1548	1822	769	200	2017	1057
714	910	1670	640	2519
869	2322	717	1189	2685	2077	1539	2057
835	627	1111	1057	1770	1307	1359	1431	2418	573
376	2310	30	289	1555	1574	2347
374	350	471	505	694	770	1762	1422	615	1592	1655	945	1607	2684	2606	2610	962
459	2310	1659	1869
2483	241	937	685	763	641
543	310	1648	1355
1813	2166	1896	2029	217
40	1082	171	488	761	2159	1990	1390	1910	2650	1223	1888	2053	2268
264	150	660	1990
113	745	1884	1993	1655	1887	2430
1085	1659	2602	128
134	2128	1642	2652
1791	1570	896	996
1966	1149	1150	1086
9	12	1897	1662
214	1820	2335	1958	2569	118
308	459	1267	183
1747	244	734	360	378	414	1948	627	173	673	1566	128	1057	1253	1359	1413	689	2162	267	1539	641	1657	1504	788	329	2310	2409	2557
240	2128	206	310
22	1300	2222	104	122	1307	919	119	175	191	202	473	1027	500	1194	563	599	741	2128	1812	656	1251	536	930	1768	2278	1916	2257	2400	2410	1433
1154	1626	1359	2268
2391	1977	659	695	939	836	926	1670	1576	2651	2346
1457	1855	2439	2075	2482
1921	409	512	2159	1606
2545	367	1041	2524	2457	2597
1075	1620	1115	2230	2584
8	980	1267	1671	1986	270	115
964	1645	1971	2428	1140	1221	1253	1311	1931	1673	502
52	2178	1154	634	717	2187	2332	1248	210	1413	1914	2367	1898	1570	1589	1618	2450	1908	2057	2473	1338
540	1121	1256	528
64	1531	1278	1969	2556
990	1770	1413	2084	2615
162	2696	1045	385	2614	1914	2176	1582
2582	1618	2092	51	2182	2356	2629
843	2075	2396	2563
1658	200	206	2505	991	447	531	536	1319	430	805	1469	948	980	990	1589	1235	1037	74	1043	2284	1191	2503	1282	1435	1446	1719	1470	242	2579	1501	1121	1018	1746	1891	788	826	2187	2314	2434	2439	2478	2553
2022	1274	414	2707
770	488	1390	1970	1967
453	761	1025	354	583	2098	1818
62	2485	276	1858	2199	1164	1922	700	945	1816	930	1526	2115	2241	2462	2463	2546
463	1884	1885	321	1902
1087	995	446	9	1736	2251
2176	1377	1748	1642
2256	325	727	1363	1192	1791	2572	1110	1117	1131	1136	2126	1261	1333	359	2067	1646	1452	1980	2089	2192
82	1561	1408	2256	1736	1816	1921	1931	2220	1723	128
85	198	1037	2454	1653	655	444	2368	2672
1500	785	862	1646	2364
1329	2364	1291	2526	1548	1933	1988	1249
1002	594	1194	1847	1621
357	365	2112	830
71	74	1987	108	554	1940	711	477	2402	511	2123	661	2653	1474	1537	898	1287	1807	196	1461	1559	1593	1625	1449	1766	1841	200
887	385	1302	1612	1735
2454	2159	2242	1762	2661
712	1965	904	2111	48
684	1006	1425	919
1928	75	190	258	2006	2483
2549	971	1387	2529
567	203	829	1981	967	918	2181	1146	2386	2387
3	697	490	734	1392
923	556	429	1971	1038	2363	1539	2169	2461
427	1330	1331	616
714	429	1054	1093	1094	282	1659	2068	2085	2228	1547	2533	876
2109	1312	2185	816
385	909	2268	609
1124	42	1724	163	1280	188	908	209	1875	415	753	755	1831	1725	1761	876	1958	1440	2103	2579	2490	2470
1609	1461	1721	586
1093	1094	606	1251	172	2228
1631	2161	523	2604
917	2007	117	155	325	1641	513	500	950	998	1240	1545	26	864
480	1888	1241	2270
1407	1530	1670	2264	847
90	1769	1525	2604
102	1484	1497	2360	754	2012	2073
2206	146	1206	1544
1433	939	2196	2267
749	2477	303	1793	1794	1795	322	2178	2181	1231
43	1623	387	458	576	2110	1098	804	511	1924	929	703	1056	1200	1300	2695	2409	1822	1932	2026	60	342	1561	1435
78	1020	181	214	328	2242	518	1833	662	729	2303	1116	2412	1177	2020	90	1435	2532	2540
294	2383	135	466	471	72	1242	2305
1249	995	1669	2074
104	2220	2602	2640
1006	1387	2652	1131	2121	738	2691
620	2021	2017	817
499	2376	892	1713	202	107	642	1982	1991	2510
605	2160	1284	2167	2524
203	1418	646	502
102	478	523	717	2373	748	1053
691	1329	1893	1831
386	1153	2162	2470	2599
827	2074	1206	303
381	2413	1500	2357	2617
930	2030	2387	1254	1282
407	409	512	1618	1244
388	1151	801	1688
743	712	2077	2316	1628
343	1831	1832	2478	1117	490
2058	195	196	1565	432
2268	1492	103	1189	2168	2350
308	459	775	964
360	459	2525	1057	1181	1296	1367	1431	717	1657
788	860	2221	496
113	745	1884	72	1512	240	1902
528	1401	1640	2502	2605
27	2537	1029	1090	1136
1346	256	490	1862	749	1189	976	729	1969	1995	2494	2666	2703
2500	248	260	279	695	2541	124	464	619	2406	776	1324	84	1093	88	2688	1894	1836	2088	991	2160	2161	194	2167	2485	2434	692	2524	489	2559
1284	2114	2124	2340
2342	1851	2396	1573
115	138	1932	416	2414	841	623	904	1977	700	2025	1597	1856	1148
378	259	717	1189	699	1429	945	1566
951	1401	320	1029	2605
242	1003	1346	1330	2168	1841
313	372	801	2253
564	865	1505	2334
724	764	988	1573	405	2174	2618
219	61	1238	846	1965	2058	1735
983	1105	1125	2146
738	2216	1425	1550
1080	757	846	2643
2007	1308	862	2027	2317	2624	2672
774	1781	1150	1407
12	84	1937	155	2151	1500	513	715	177	2084	1240	1344	1913	2073
2271	314	348	509	2169	1570
320	481	798	876	2308	718	496	753	2015	2098	1706	2651
2356	2067	2448	717
1672	143	144	234	410
1910	9	1456	2375	2661
2502	759	747	1625	1896	917	1015	1338	1389	1614	2288	1722	1948	2578
38	2579	1599	2357
745	865	1921	1875
783	1241	2556	1155	1595	1812
744	2030	128	1991	2659
609	714	1518	823	1999	1323	1755	1500	2257	2519
374	455	996	1626
535	2131	1653	1706
1831	1171	1424	884	565	566	1725	2047	1397	1118	1192	1202	1954	2118	355	2150	698	2480
2185	2442	631	1592	1366	2129	2570
930	2157	1552	1254	1282
92	1831	2487	1151	2057	2586
1886	832	744	982	1768	2444
2320	909	1206	2221
480	667	1457	2
1269	129	189	1204	593	1728	743	2334
2216	235	355	1093	1823	698	1934	2068	2384	2228	1025	2533	2611
700	391	2185	2320
735	488	1390	1970	1897
405	1932	15	1051	586	774	968	1516	1150	1483	1293	1323	1600	1622	1741	2041	905	2284	2306	1018	2323
481	548	1378	1342	1791	1928
922	1164	886	1416
847	1897	453	727	728	926	1615	1016	1671	1110	843	1142	1333	1392	2353	2297	1514	1708	1729	2543	1980
1203	1427	384	2129	2413	2414
998	757	846	97
1582	1909	1664	793
283	2415	2438	2663
89	492	788	905	2182	996	469	2608	1397	1293	2323	871
476	230	1871	2385	570
57	453	896	306	2487	787	1288	805	1593
591	1466	1004	567
8	492	788	905	1031	2400	1193	181	1397	2301	2314	512
1539	2594	2057	514	2329
1716	1831	1832	588	2688	227
313	1637	143	1642
286	1787	342	2462	669	1244
1352	2477	582	1755
819	1615	2219	1858
46	1354	970	1680
1759	2547	2697	548	217
183	2378	539	541	165	179
2153	2547	1651	2698	2700
316	378	793	1191	987	1226	1236	33	1383	1595	1944	12	2091	1117
275	56	467	2672	1602	764	1993	1624	2057	2546
246	2484	455	2616
2414	1037	1746	471
3	980	1927	734	616	1590	1914	1687	1969	2200	602	2666	2703
1701	199	574	1767	2024	1027	1388	1586	1835	2410	870
1635	2591	2017	2677
1659	1982	970	1184	1362	46	2286	2392
703	1798	843	1095	2233
2144	457	1075	2403	2581
1631	1432	2330	2178
548	682	1791	61	395
568	459	277	469	548	448	683	769	906	1378	356	1860	1968
1631	2688	2330	1231
973	2114	2124	2111
107	1774	1875	2439	635
351	730	1179	1235	322
516	693	2412	2579
805	140	251	323	535	1623	425	2643	1505	1823	1939	2487	1680	1660	2580
1155	25	267	1087	732	1088
1075	1340	831	2230	195
827	1361	2495	1544
1075	163	2095	2230	457
1966	481	835	1124	2059
422	2589	1035	694	1139	1216	1455	248	125	1913
1323	1285	505	600	1527	882	1366	2624	1511	1822	1267
1093	1094	1935	2068	1802	2200
387	88	2449	2450
1762	451	514	99	376	663	1583	2604	1818	1846	1449	761	822	1927	2029	2503	2198	2486	2393	2636	2537	2563	2695	201
241	832	631	1170	1701
547	1567	1577	2545
1626	923	269	1416
217	1299	1537	2355
376	484	373	818	2383	971	778	1777	1017	1158	1999	1881	1603	1838	2347	2380	2514	1138
139	1322	1807	1771	162	1769	2249	2250	2271	1346
174	305	1351	2659	503	1542	287	1813	1818	1846	1847	2212	1896	884	2029	2055	1062	2352	543	9	1641	2563	1703	2696
218	2524	429	577	1411	342	1539	217	2461
798	1688	847	1950	2478
189	227	540	296	438	986	692	1111	2102	273
2618	42	1788	1455	826	89	189	209	540	415	753	1431	1715	1725	1618	157	1958	2102	1914	2353	224	2664
926	182	1895	491	1856	902	2421
100	1914	329	283	728	758	2392	1586	826	1110	603	1142	1743	1392	1466	1467	1514	1240	887	1740	141
58	2073	206	291	2169	541	531	616	630	1249	805	974	2434	1872	854	84	1414	1892	1042	623	1100	1254	1729	54	1435	1446	1564	549	1471	1490	1501	1610	1633	1746	1891	1908	2186	2187	157	1836	2439	2542	771
842	298	720	2425	1280	1429	1664	2478
360	627	1008	1057	155	1748	1062	1431	1562	19
774	1006	1149	421	1323	1100	1820	2041	2306	2097	788	2582	1144
1544	388	439	1740	1053
1824	1884	1885	1836	1902
1054	2636	1921	127	2402
517	1007	1489	769	2375	2426	2431	499	2591
27	353	1029	1090	782
1597	2030	177	291	411	447	531	536	630	2543	257	2269	948	980	990	1687	1028	1143	1375	1043	1237	2493	1281	1282	1435	1446	1464	584	1471	1361	1501	580	1633	2323	1256	1948	1831	2223	393	2321	748	1688	2553
1181	280	1024	1223	1832	1607	1843	2560
986	129	2614	2168
1003	1105	2448	641
1229	983	1302	821	1735
16	1701	39	92	2396	1740	575	2498	1653	882	1529	1387	971	2415	2523	2109	360	2684
957	485	641	612	246	969	711	1555	1574	0	737	2058	2514	2558	2561
8	609	1394	2363
591	835	75	1337
1307	816	643	817	251	1415	1125	2180	43	1367	1496	1497	1843	843	2371	2372	2291	639	1780	2626
217	406	955	685	763	2540
156	308	1622	1483	2698	2617
1576	1111	1443	2129	2413	2414
1135	600	1444	948
523	717	1031	1379	2153	1441	1611	303	1276
1374	1503	334	1189	1413	1429	744	2057
62	1131	2118	945	1414	1754	2419
1565	549	1886	306	584	1554	1288	1461	1593
1514	932	2489	2108	1610	1607	2059	2560
57	1633	250	306	276	787	289	2226	1593
985	2518	1566	2674
2144	2160	2166	1631	1948
89	492	788	1546	986	1186	1685	43	1397	2301	922	836
171	288	514	1566	355
1441	1213	1557	1366	2058
52	140	2576	2493	1766	865	932	637	1505	1823	2476	788	2444	2560	2701
512	946	1298	242	62
774	1145	1149	1150	640	2518	1820	2041	738	478	1137	2582	2312
2185	1138	1801	982	1768	2444
1738	2109	2167	2320	2418
2153	2314	1822	2281
264	1924	660	988
543	603	2161	896
92	581	717	1411	2057	1995
182	1288	1304	1999	2057	2091	2473
969	692	747	406	1511	2230
242	2507	2394	1180	2168	2350
102	754	604	2012	1229	1841
765	298	1832	1694	700	2705
1759	1815	1043	2697	2698	1651
321	739	342	660	2150	1339
1054	1408	1719	1067	1931	52	2505
97	741	1651	280	388	420	439	496	705	227	853	2549	2031
2606	783	1304	1946	2212	2091	2473
145	995	1517	1231	1111	2688
2028	1588	1590	1657
1452	1249	1351	1743	1085
2299	1607	2260	514
39	1027	631	882	1366	58	2219
217	1047	2350	2355
1816	1085	1292	2187	1498	1066	0	1925	2195	2602	448	2640
70	255	1008	453	2312	549	45	574	2486	706	445	876	1025	2330	2323	1484	2015	957	2327	2361	2207
1759	695	1901	1907	1994	2448	2445	2301
636	764	976	1573	1719	1200	1574
1315	1897	700	2077	2468	2618
208	1800	1020	1053	1270	1329	1335	140	1337	413	2024	228	2197	2342	1863	1170	593	2053	2577
139	1650	2118	2175	2216	2238	2539	2069	439	1226
2340	70	1994	453	456	1669	33	615	706	876	954	2556	1296	1484	393	4	2246	2344	808
476	1573	1871	2385	2058
1557	430	943	1053	1687	1329	201	1336	1337	1568	2593	2180	2197	2342	455	2652	2443	140	582
1231	1010	1578	1263
2047	1087	742	998	209	1240	1241	1707
1192	1459	2112	2572
495	24	966	1697	1143	1221	1253	1311	1481	2118	2703
441	1909	2017	1678
1534	192	193	1544	973	420	439	2497	705	1421	2133	1218	2608
1087	1914	1947	2557
287	1401	2092	583	2182	2356	1500
2695	118	1617	2027	549	2624	2672
1891	2643	1658	2681
1029	984	988	1339	1991	1553	1570	2495
558	2295	1393	312
827	692	68	1544
6	199	1832	1836	2688	2185
1854	1855	408	2075	1921
155	1058	896	1718
1005	1313	451	336
570	1614	1211	282
1539	1098	1719	1911	1925	1984	519	1154	2199	1966	634	1066	2379
136	2150	2075	1539
179	830	1869	413	2413	48
125	1418	2230	2337	782	2092
557	71	1017	107	787	1380	1128	1287	2440	1419	1810	2227	2340
1768	71	1164	1584	2617	2151	1478	2565
2043	2484	2614	134
853	1057	2019	1805	2289
90	257	473	480	421	956	1125	1184	2477
2088	1932	597	1373	2598	605	571	1375	1452	1783	1857	1926	1941	2456	2682
964	2112	1017	1158	575	1574	2347
102	751	1793	717	754	2439	2073
1986	1987	2399	2461	2509
1971	143	742	234	444
202	141	970	1184	662	228	1769	2392
1177	1063	2396	2563
946	425	1600	2404
2563	459	791	408	1026	2515	1358	1360	1109	1641	1658	2147	1633	2653
1498	1332	2484	2616
1032	1981	2491	555
1673	1053	2350	97	1766	2340	2384
1050	734	1310	1583
745	1884	1394	2099	1902
430	1198	1248	719
102	2566	1833	577	2333	1901
165	2461	1984	216	432
960	1085	2598	1907	2195
836	2292	1885	1886	1902
26	886	1960	724	517	812	6	919	2487	2161	106	1190	1135	1229	1321	1365	1615	1639	2378	2053	748	2243	419	1552	2131	2304	2457	720	2481	2528	1310	2625
1645	1268	2221	1980
837	1919	2253	2587	770
528	957	1066	1285	1409	1721	2344
100	333	2147	902	981	459	2185	1489
35	1139	1589	296	438	534	490	1111	1949	2046
523	663	294	662	2342	1095	938	568	739	1118	1192	488	1954	2118	813	2150	2222	10
636	1738	988	2069	1719	2250	2687
2363	759	784	1773	855	2069	755	1338	2670	1614	1933	1722	965	2578
12	1735	1340	155	325	2685	318	1311	950	616	1240	1803	1497	2634
1592	786	1004	712
43	293	387	458	1291	1006	639	804	1906	863	72	1845	2185	1565	424	1450	1223	1613	1932	2026	848	2503	2027	2678
125	188	1144	1006	2610	2681
2133	239	995	483	429	656	328	1119	538	1378	1791	1860	1968
20	1844	267	2444	732	1470
480	1823	1072	2270
862	2602	1283	1939
1746	231	92	486	2126	1597	1648
555	574	1569	2360	1246
265	1058	1854	1246
911	1019	1304	2464	2057	1242	489
52	1963	251	323	535	865	932	2623	1707	1823	2476	887	941	604	301
930	303	318	2557	1565	983	1002	1054	1111	1154	1302	1531	1626	782	2283	1705	2310	78	1671	1559
1093	1094	1922	2423	2085	2174
1221	134	294	321	1280	566	567	2243	867	1118	2015	1202	2698	2118	2442	2150	1541	769
2414	1764	1765	2357	1938
164	122	720	1723	1280	1559	127	2610
2582	2383	2443	2577
82	1793	2286	1440
2020	1236	1816	2323
2289	2070	2015	2640
40	114	1637	2292	761	1072	1214	1390	1566	2445	1801	1888	2053	1697
463	140	1783	323	535	865	945	1024	1505	2567	2478	57	1003	2560	2580
2329	1480	505	1777	631	771	775	1422	1511	1822	2230
943	1401	1554	2502	122
97	388	1888	1550	2579
395	1688	1940	1762	1866
1394	2068	1893	1895
209	1249	2618	701	1833	1734	2102	2353
870	1145	170	1526	1735	2569
2507	1635	1610	1706
393	1660	410	1440
174	451	496	1425	758	312	2095	170	1818	1135	198	1851	1182	1927	2147	514	2198	2352	2445	2396	2537	2563	2695	150
231	481	1653	882	1062	2670	1566	2608	2032	2098	2327	2651
974	2027	1893	1635	528	2322	531	1011	630	1300	70	930	948	980	1665	1021	1028	1037	1042	1043	1100	1254	1281	2529	965	1446	2591	1236	1680	1490	2034	2614	1633	668	2508	245	2186	2187	2314	2321	1509	2542	2553
480	325	2043	654
1111	1728	2449	2450
1262	390	513	1921	2280	2286
525	1419	1425	675	2364
558	1189	1393	2378
932	118	2027	1875
812	2203	1262	1080	1216	1365	2439
1813	1620	939	2695	2696
1323	150	539	2113	1210	1665
217	2457	763	1100
2504	33	2413	490	502	671	734	1251	1092	1727	1975	1230
323	1495	2418	113	2468	2618
1710	442	1019	1539
1768	512	574	615	848	1027	1610	2412	1835	2011	1408
376	511	1296	641	642	1371	1898	711	87	1158	2403	2090	1427	1838	2347	2380	2514	857
106	2147	769	378	597	2195	1669	1648	408	1479	1539	1941	2440	2509	1764	2674
227	89	1031	585	1111	1938
816	2088	500	1203	2102	2203	2597	2405	2454
782	488	2260	2165
2539	459	791	1324	787	1095	1358	432	1363	1918	900	2700	2356	2653
64	284	1514	2303	1802
748	273	2246	538	689	1036	1134	1143	1729	865	316	348	21	2298
1046	1338	1612	423	467	557	242	944	945	1202	1934	1993	2115	2241	2480	1719	1547
378	2666	1413	1539	1300
2277	368	1697	1907	1144	1995	2097	2301
1374	249	809	652
68	121	1976	558	595	2661	2555	979	1632	2196	1703	2267	2409	1825	827	1136	1979	1990	2007
637	2081	2159	1611	2661
378	638	1413	525	1568
1108	1276	1308	1622	1503	1755	1934	1931	1525
2289	1036	1662	466
103	176	2253	918
48	2304	1688	1419	219	189	969	2484	1452	1783	1857	1926	1941	2456	2206
2021	1443	490	734	2494
2292	1698	1804	1562	2289
507	555	556	2020	615	1914	1006	763	2212	711	2360
2008	424	571	1267	2490	2495	2694
2352	995	2214	1224	1643	1690	1306	405	2541	1459
1813	1389	2222	2029	2055
957	378	1379	372	744	1226	1236	1006	1539	1621	1944	930	2091	2338
1028	2623	1043	1948
722	2478	1746	1948
64	2068	1801	2303	2556
1020	973	993	2666
2196	1818	2584	2695	2696
1777	1969	1899	331
120	1204	1179	1184	239	1840	1959	2480
76	75	190	1394	750	751
418	1177	654	1107	816	1617	2290	406
345	946	1811	1659	2283
2176	1693	1384	1398
2207	406	1537	125	1366	1771	2129	455
21	118	2153	385
22	37	563	206	2490	2384
62	1582	788	945	1181	2034	1913
514	1062	842	1661	2201
484	1751	395	704	2578	1574
2174	2166	344	360	378	414	474	1875	962	1269	698	1633	1057	1307	1171	941	1422	870	727	1409	1563	1657	1869	1947	2242	133	2409	2557
275	276	2281	729	1171	1945	54	246	788	2546
2062	521	2614	2616
765	563	2608	1216	2688	2705
177	2615	305	509	410	440	465	660	645	822	1092	1183	106	1110	1480	411	876	1595	744	1610	2310	2394	2423	652
1082	511	2195	2640
1124	1082	2195	2640
100	265	384	728	51	2022	1063	1574	1307	804	1136	1249	1261	1333	1620	1603	1506	1740	1181	2089	923
186	588	591	2167	2387
2077	1981	2491	1333
1374	279	342	2146	70	1840	2462	2474
1092	1164	1584	2037	2372
555	574	615	2495	1915
413	1919	294	425	1500	535	1740	2368	2672
996	814	1044	1080	1067	1084	1903
1517	1769	2330	1047
2200	793	1069	2166
9	938	1950	2146
259	1588	1197	1263	2687	2338	1907
811	1322	910	964	965	1117	853	1307	1856	2602	1662	1673	2703
264	105	660	568
1063	797	886	1316	1690	1645	1915	1981	1450	2544
1108	1911	1308	1902	2223	1504	1506	1507	2604
608	2507	1064	1499	1935	2309
1910	2572	2159	2242	1946
381	1401	1641	2502	2605
103	1230	907	1830
78	427	2252	214	288	393	518	560	275	675	1456	783	1922	1988	2020	857	1042	2532	2540
20	430	1020	1726	1270	464	2454	2081	1800	1568	118	2180	2197	2342	37	2367	2443	2508	865
88	486	2523	483	2570	656	683	843	906	1599	1791	2029	1787
966	224	1630	36	1341	2650
711	865	1568	2498
1574	1587	1095	1090	1456	2028
1539	616	2057	2080	951
774	2299	1149	435	1323	1630	227	2041	372	115	2569	2582	1947
1167	957	875	1198	1394	1029	2344
1150	1914	2176	2062
264	427	660	430
28	1213	1743	2283	2284
464	114	2046	453	613	2150	2135	906	1019	2315
1044	191	1211	1246
1820	2378	846	2703
357	111	1214	1640
159	1316	1970	662	2486	1791
2299	371	604	668	1194	1038	2315	1366	1373	924	1718	2126	2373	2374	2413	2061	1516	876	1648
2021	1062	2058	1661	1888
204	2497	2162	2272	2599
2498	1025	1035	2280	1732	1216	1455	2200	2202	2638
2414	919	2297	593
100	265	1969	2647	1181	1222	1805	1016	1018	1110	661	9	1333	1392	1466	2697	278	1708	1729	1740	2617
1759	2545	2697	289	2700
1544	1519	2031	2479
548	682	175	1860	839
516	379	775	1011	1182	968	1569	1578	1587	1609	1651	1214	2207
2233	2612	2428	2662
1012	563	1527	1202	2486	2623
3	63	247	490	603	2309	734	282	968	2178	293	2655
273	372	538	689	1134	1379	103	984	2505	75	2193
238	759	751	850	112	521	1015	1338	371	1614	1619	904	1723	2309
720	2449	1175	1204	1628	1728	1083	2529
1916	1419	1425	278
1947	1067	1801	1814	2055
2647	638	745	1672	2295
217	353	685	1141	2401
1928	150	328	2681
2064	1180	892	1620	2476
2250	1117	1261	1603	2337
523	717	620	1113	2678
321	242	1202	2414	2150	1779
166	457	1287	1148	2581
743	1063	391	2316	2659
703	1798	2120	289	1324
179	1190	1694	381	2413	2414
364	2593	2112	575
1479	378	230	134	585	1226	1236	1259	656	1595	2330	2057	1444	899
827	817	818	906	1212
1215	764	37	1573	1719	1891	2687
219	2271	1561	2703
78	881	1119	1203	2651	902	2397	33	2454
227	1841	1031	1101	2353	1380
196	2081	2167	2242	2661
71	660	107	2270	1747	261	923	477	498	864	564	661	697	1863	2022	898	301	1424	1464	1054	191	1593	1625	854	1766	1841	2340
938	974	1460	374	886	2670
1123	2490	669	1680
548	682	1791	1284	2073
1233	516	1746	1948
177	264	2403	322	410	1721	635	1966	722	1909	0	675	1191	568	1480	1487	1539	485	712	1550	2513	2394	1131	2427
1050	1306	179	1336
1285	441	690	724	1539	1606	814	1473	1044	1776	514	1446	1222	1229	1321	2513	1803	1323	2505	1858	1307	2243	164	2421	2297	2304	2457	2471	2481	425	2612	1516
422	793	1038	1364
2491	84	556	1204	615	848	1006	260	2040	763	2360
313	1991	1562	1642
1038	314	1466	509	2006	1244
171	453	960	1566	2482
642	2022	2153	2219	556
580	2143	643	817	818	916	2414	1697	1422	2585	1496	1497	1843	1140	2371	690	2398	2386	2489	2097
1950	2484	2614	1804
102	478	1418	1790	754	1148	2073
398	118	941	2291	2317	2449	2672
684	1199	379	1419	1425	1986	1109
778	1461	2031	2032
256	1987	15	1823	2509
442	593	410	1440
2037	1085	1743	1632	2195
986	769	2484	1322
2567	2001	604	102	745	1038	1315	1366	1373	1274	900	753	2373	2374	2413	2376	2530	2507	2676
310	371	604	668	745	1038	1481	798	1026	1284	176	2187	2373	2374	615	2414	373	2507	1542
608	611	306	1499	1857	682
1563	1800	1901	1907	1994	407	1411	1416
378	638	1413	162	1729
1075	1340	2095	206	2638
604	1909	970	2677
2	1419	1425	881
834	1067	2398	422	1821
1966	1268	924	2404
1547	2673	344	360	378	783	474	627	638	673	698	826	1529	1307	2489	1413	1319	1431	2356	269	1771	2386	1869	2241	1867	1346	1044	2557
21	773	1063	228	2317	2624	2672
300	2169	1194	1011	1621
2537	409	512	1298	118
484	485	641	642	608	440	1706	1555	1574	1838	1079	477	2514	242	1434
769	1851	2396	641
111	797	514	612	1216	1645	1915	1138	2491	1593
471	505	747	1284	2176	2651
608	1999	2380	1499	1935	354
164	298	599	2391	517	1559	2333	1697
788	1661	1997	2404
684	1149	478	1323
596	2109	986	238	2418
427	134	2230	2239	2610	2681
219	1135	846	1012
1441	1671	1855	1976	1516	2122	2299	624
1885	1084	1523	477	1641	1909	2017	2677
580	1475	818	1378	1212
900	973	2371	1563
100	333	463	902	754	1643	1982	2478
2214	2629	1316	717	754	2012	2073
694	1085	636	2640
743	1313	1214	1640
38	273	1110	2658	689	1036	1134	518	1322	910	1738	2165	2380	496
219	712	757	846	2402	2128	1967
308	969	141	1705
103	2508	1135	239	699	654	907	918	1854	1146	2386	312	2628	1931
831	899	2316	2337	1190	1565	2517	833	2244	2245	629	823
473	551	606	22	2473	1948
2343	2387	2443	955
239	2593	2524	1285	1791	2666
62	275	2400	423	467	557	230	944	945	133	1226	1993	2425	2241	846	764	1606
1100	1180	1235	1947	2476
521	1804	1082	2312	487
1954	2081	2159	2242	1875
186	588	2212	238	2387
255	421	767	78	841	1269	2153	20	1924	1946	2034	2040	1471
125	718	2335	1591	52	2681
2114	946	1298	817	2283
1563	2268	2445	1344
157	712	757	860	1965	2058	1567
0	8	384	833	42
2509	1274	2160	2707
862	717	157	2057
523	717	2560	1925	1380
995	1231	1908	1115
275	2022	577	2219	2234
609	714	1518	1670	1823	1310	2112	2515	1815	2118
916	819	1087	1463	1057	604	2067	2019	2669
78	157	2674	214	2582	393	1584	560	662	2212	740	2294	1922	1988	607	2501	2417	182	331
21	2495	2589	2027	2317	1903	2672
745	1213	1285	1592
43	129	808	1111	1300	1025	33	771	1728	877
603	1121	1214	974
313	534	1779	2114
52	109	479	634	717	481	875	33	512	1469	1552	1553	1568	1570	278	2130	1678	1908	107	2473	291
1012	2114	2569	2681
951	1542	1554	2524	2605
1167	1330	208	1669
985	373	1970	2037	2486	2623
654	1313	1623	945
209	2109	2110	2320	1323
1633	257	473	480	667	1312	1374	1701	793
52	1554	2008	634	1481	835	901	685	1339	1413	1640	1553	1177	1570	693	1618	1678	771	2685	2473	2380
1390	421	2542	156	2434	1269	1449	1306	1924	2015	2034	655	2327
4	244	108	724	499	646	1048	898	1741	1725
310	604	1881	1534
2658	923	547	1416
1229	965	1639	631
2267	685	763	1199
1090	1095	1506	2681
695	986	1672	1755
0	1278	384	1267	261
27	1004	1029	432	2456
310	812	668	1664
1573	492	489	905	976	1186	1390	729	1698	2078	2323	2419
1793	632	2589	945	1414	2245	2419
2426	757	1083	2703
1897	505	1867	1422	1511	2151
1046	1047	2213	1344	190	1032	1640
166	1422	1457	2202	1657
90	2705	473	1950	1295	804	1374	2284	2477
1108	1276	166	1068	1055	1504	1506	1507	2278
1592	2070	1062	2640
995	2481	591	1670	1999	1583	2264	2515	84	2519
48	76	90	1547	257	748	2523	602	561	732	1857	1926	1304	2456	1473
813	1140	620	1077	1523
712	2640	2047	1841	2703
2419	198	294	1637	354	655	1740	2380	2672
2677	1306	1310	2401
2675	1139	2123	2403	2581
1595	1261	2128	2130	2131	2319	2334
2047	1893	2499	453	613	745	954	353	1375	2315
2242	499	334	155	325	712	513	1125	950	998	554	1457	1913	2634
2263	1659	1148	2129	2570
2028	902	910	964	2500	1117	456	1425	1311	2322	483	1673	2703
52	1213	507	323	260	865	1501	1024	2331	1743	2476	2487	2555	1038	2580
203	1025	949	1414	1323	1471	1612	1871	1302	1278	2322	2376	62	2498	2499	719	2215	2567
22	37	1530	2347	122	124	2087	1308	175	191	21	204	1754	500	2310	563	599	42	771	239	1250	1210	2584	1767	1768	1811	2239	2257	388	1200	1037
776	1981	2491	1143
336	923	1332	1416
987	717	1185	1292	1766	294	2384
409	1997	2420	1845
2108	441	690	1420	1937	812	814	1170	1044	1080	1110	2031	2343	1229	1321	2113	991	1639	1563	846	2556	2243	2244	1832	564	2304	1308	2471	2481	2664	2612	2206
1440	1312	1659	1869
418	430	1815	743	744	950	2643	1262	831	2133	1865	2529	903	2319
1050	2288	451	1332	1492	1499
930	998	1043	1254	1735
995	1231	2019	190
2499	534	801	1762
219	2497	2133	846	1328	2058	2703
438	405	461	1380	2284
843	1026	637	511	744	1104	1177	2271	1413	1562	30	2468	2316	1158
10	461	2502	2605
2	1664	60	36	298	306	1922	1340	466	2567	785	554	562	564	720	1892	1488	982	1019	1202	2666	2608	1990	2409	2118	2179
90	820	829	1606	907	1307	159	1146	2386	2020
313	21	801	1602
165	516	1523	2579
1949	454	539	1010	1274	1665
825	1615	1639	846
1421	1192	1413	2057
986	2057	2008	1916
1324	1527	1136	638
100	265	727	1293	697	1016	1063	1110	1512	1131	2268	316	1261	1333	1773	1456	1646	487	1858	2089	1881
1179	2030	2128	763	2131	1835	2479
1036	492	1971	155	976	1186	1128	1268	1397	2301	301	2124
1250	1268	2221	1830
695	227	268	296	887	1831	692	1995	608	2046
86	2384	2634	652
68	121	1079	283	595	505	879	1541	1632	305	204	1352	1779	1825	672	1966	1769	1990	2597
1813	1329	1893	2563
741	1609	496	1810	503	663	863	1813	2383	1846	1847	1851	2542	639	2029	2055	2198	2352	1181	1909	2587	1983	2695	1189
2412	1019	2374	1946	2057	2091	1394
62	275	1935	423	2467	261	980	944	945	1916	1172	846	2115	2241	2462	2463	1968
352	373	2659	1492	1538	1724
1854	294	2048	2075	1392
487	605	1822	1542
2192	784	463	902	1592	821	1514	1708
112	1442	862	2612	2364
2068	1588	635	1760
128	941	829	1387	907	918	2182	706	259	2387
2080	1226	2457	2175	1407	2238	2249	2250	2271	1237
293	793	96	573	1139	1216	1455	2484	2202	45
364	365	1080	1531
1457	422	1308	286	1503	1504	827	1507	1525
1379	278	623	207	1083	1172	1660	1620	703	1898	1937	490	2272	2108	2182
747	1442	1444	1037
1960	2030	643	2637	2659
1527	862	2195	2640
523	717	1590	1006	1380
385	353	2268	817
2192	76	538	480	667	2417	1710	283	1456	1822	2043	2227	452	2390
1761	198	839	425	465	10	1755	2368	2672
10	190	193	2029	356	408	735	1932	510	1505	1307	1471	1501	985	1651
1310	2268	2445	257
1488	924	1646	2535
2222	2028	2198	2695	2696
1237	1948	1652	2068	2085	735
1048	224	597	1674	1341	1899
786	378	442	479	2029	1226	937	1259	1918	1595	1735	2057	1851	195
704	919	2297	1726
1090	106	1351	1339	1552	923	1570	1678
416	1442	1444	1530
105	2576	1367	279	342	2301	250	1660	619	638	776	1624	1795	750	1543	1747	683	2069	2088	2144	1365	924	1775	1104	711	2434	2473	2524	1941	2559
2047	1117	1261	1603	1909
816	562	2497	1203	1411	2203	2397	2618	2340
287	1618	918	2146	2636	454	2391
323	1897	517	2615	2468	816
1324	701	1067	2559
300	594	1194	1080	2560
1315	194	864	1499	1935	277
870	1229	1189	2428	1643	1690	2000	1241	496	2673
418	430	112	1113	744	1104	2085	442	2547	1562	974	2131	1075	2319
164	2268	720	955	711	1387	1664	2607
2270	1530	1670	2264	96
381	1165	1500	1058	2443
87	134	1851	2099	410	28	567	1378	739	1118	1192	485	735	1011	2135	318	2222	2480
2246	1085	1266	2598
445	1706	568	2114	2457	2597
540	1775	1041	954	832	1138	1901	1344	1200	1420	1640	1752	2706
111	421	886	939	698	1578	1915	2059	1655	2497
581	1550	1590	1760
1611	543	711	1046	1121	1182	2256	1344	1345	1420	778	1752	604
1539	164	2057	2080	1833
2566	2412	949	2181	718	1517	1612	1871	2019	2147	2322	1538	817	882	1101	2500	2505	249
1987	1165	1622	1250	2539	2090
201	2278	471	310	555	770	1295	1422	483	1592	1754	2328	850	1612	2606	2610	419
765	642	1415	216	432	735
357	2569	809	2464
1980	2346	1721	1726
2001	968	1285	637
57	742	1460	1218	1299	2310	1516	1530	2175	2001
714	1530	2201	1353	2519
1518	745	1884	1885	1886	427	1865
860	2087	1408	1409	2247	1816	354	1931	2220	1623	1908
606	1237	1200	591	1710	2503
62	2384	276	423	609	1293	729	1863	1497	705	960	1993	2115	2241	2462	464	2546
115	2158	717	1189	1413	1111	2495	2057
251	329	296	2052	2060	253	2062
239	548	1131	1655	1791	102
310	371	604	668	102	2529	2110	164	700	422	1718	2239	513	2374	2413	2414	2452	1701	2019
985	1866	2533	2272	2599
525	1419	1312	1427	1678
765	398	2457	1836	2688	2059
23	761	1025	2015	2054	1002	929
944	2404	2569	1270
2176	170	549	574	1902	1027	2498	943	848	2390	1151	1363	820	1388	2332	2182	2360	2455	2653
162	632	2398	1443	264	1914	755	2485
33	390	86	1170	1701
36	1583	90	2067	667	766	869	577	265	1822	2043	1360	2479	548
516	2503	2445	1449
264	1085	2578	722
516	234	1541	2579
316	378	1132	1550	585	1226	216	2375	2662	1595	1379	2057	2091	1907
386	1866	1693	1894	2599
773	1105	1137	2146
745	2112	2612	1886	1902
2563	1425	1259	1833	1944
585	1226	1259	251	120
2251	719	1869	751	1986	2414
171	453	514	30	2687
1484	629	90	1945	667	766	869	1915	1807	1822	2048	717	2270	2390
21	1547	200	2672
1057	1026	1095	445	1456	1008
176	379	1270	1881	728	2301	2450
2330	1231	1495	1455
78	157	973	214	957	393	518	560	2477	2357	740	155	1922	1988	1984	2338	141	2532	1398
115	1228	468	491	1094	1906	1812
1024	1254	2230	2337	715	2681
1482	2067	2219	2201
837	2222	2253	425	2591
1050	2449	1712	1310	624	1499
19	424	571	1771	2103	2495	2619
103	367	1814	1093	471	552	1392	2305
104	122	2625	599	1483
1538	2268	2445	40	2579
908	384	1267	1246	1344	2127	2473
320	1498	694	2557
1085	1036	2602	496
395	1688	124	1950	1593
1830	406	170	823	2474	1351	1283	1284	1318	2541	1939	950
848	203	1235	288	2476
1892	2030	1064	1833	2131	2321	2479
782	555	2475	2501
944	2547	2697	2698	1967
235	968	660	1592
442	556	538	689	1134	1847	841	1562	1738	2024	2193
1445	2475	1337	988	1067	1072	1814	1821
78	583	2160	825	1215	1335	2544
1759	2288	2492	2594	418	600
811	395	910	964	965	1117	2616	1191	1311	125	247	2195	2703
14	944	427	1526
133	683	413	608	2498	864	2280	1884	1499	2582
1535	235	355	1093	291	2199	1659	1899	1456	2228	2517	2533	588
86	249	916	1881
609	1322	318	853	887	983	1921	1019	1586	2487	1302	1323	1626	2569	1781	2294	2310	2364	2625	2239
1364	1965	2047	2489	2703
33	832	1652	1170	620
1269	1117	418	1603	2089
476	489	310	2385	2676
1107	551	1926	717	2473	2405
385	576	1200	1245	438	1932
1149	2251	1278	1093	1094	1652	1659	879	2085	2228	2517	1452	1268
454	166	1893	1895
301	1895	1743	1963	2195
2315	2637	2289	882	1366	1771	2129	2130
548	576	1801	1245	247	2503
38	164	1662	355
783	1144	862	2483	564	1812
820	829	652	669
1054	2001	1921	1931	1184	1525
813	1959	880	2312	1523
2181	1527	1894	945
155	441	690	724	809	642	814	919	1948	1435	424	1190	2212	1141	1284	1365	1615	867	2046	1858	489	2243	1778	92	124	279	2003	2471	2481	2528	2612	2625
1626	331	631	1660	1366	884	2570
1307	405	461	2517	2284
1547	1095	1658	1643
1256	1478	1685	1984	1862	1863	2303	2006	1024
691	1213	1854	1951	2058
2203	1563	1790	305
40	481	2537	1124	1210
62	1139	163	2694	1414	2034	2419
1854	1328	2048	440	2482
2135	2599	435	2363
1064	1154	1959	689	359	1143	1264	1562	1738	2165	1752
27	1029	742	2291	1141	1240	1918	2634
642	350	2579	505	577	2195	2295	1422	1804	1592	1754	2519	364	2337	2606	2610	2611
43	167	1746	446	1285	559	285	1132	1135	2070	129	1444	2271	1460	2057
516	2268	1068	1295
28	2360	2198	2695	2696
483	877	1541	2328	910	2658
1836	143	1202	2073	901	2222
1276	249	373	1545
1773	1108	1816	2323
854	1589	995	1230	2251	1232	1811	1361	1844	1943	1253	2211	2598
2567	481	1978	1124	2059
2471	2212	186	588	159	2239	2557	1467	513	1146	2386	2387	2628	2629
267	1058	1171	1094	1538	2353
1113	899	919	2089	557	1565	1830	2243	2244	1221	2494	957
1915	1981	2315	1907
343	1823	1142	1836	2688	957
2535	857	1483	1085	2060	1218	2062
248	484	485	641	1481	646	704	2659	1017	698	1233	1463	1603	1105	365	2380	673	2561
1114	172	245	284	289	583	612	1836	2500	991	1177	1841	1735	1278	1418	592	2143	1537	1266	313	2303	2372	273	2556
14	2169	190	786	667	751
831	6	919	1088	1190	1565	2643	438	2244	1308	1692	378
294	1366	370	466	1346	2292	1324	2305
801	1228	1224	2251	2280	1643
561	1105	1110	2146
2598	1984	1266	1301
385	1416	2118	2579
1179	1332	1894	2559
1237	960	479	1637	1657
1256	632	1692	217	1862	1863	82	2006	635
308	459	2198	884	89	1095	955	1360	2605	1764	1658	2028	881	951
208	1322	1708	25	2077	1329	1335	2430	1337	2615	1833	2180	1978	2578	2343	2367	631	2508	2577
608	611	2409	371	1450	2378
960	1085	1345	1628	2195
1059	1330	1331	420
1813	1818	1994	2029	2402
177	1179	1928	322	410	440	1095	1050	235	822	1092	1329	1025	117	1480	2509	1539	1298	1732	2207	2310	2283	2423	261
854	956	1947	2464	1231	1232	1495	2476	1514	1943	37	1901	2598
1841	543	603	1046	2256	901	2334	2264	1345	1420	1640	1752	1041
1530	129	2561	863	1300	2027	2419	1450	2221	1779
259	1170	303	1492	1538	1724
453	761	1483	2015	1721	2280	2327
174	1478	1692	400	1862	1863	336	1338	2675
329	1635	1653	1975
242	1003	2481	1624	1075	2350
219	1559	2567	2703
411	835	1411	1337
1773	1775	865	61	1794	1958	2143	1478	2181	809
1140	645	1960	998	1339	1240	2669	2634
418	58	1264	743	744	1104	906	1057	1413	279	1865	2131	1172	1501
400	124	1545	1582	164	1909	589	209
247	2257	427	751
2052	1259	1117	490	502	671	734	2584	750	2444	1975	1706
824	635	1215	441	1707	2475
384	238	253	210	489	926
300	552	594	2624	2457	1621
2428	421	2299	1048	1006	1269	1449	58	2672	2015	2019	2040	2327
535	1051	591	1223	1755	1607	2059	1543
783	2427	1727	1155	2393	1812
22	2058	72	104	122	124	1939	146	236	191	202	204	448	2409	941	393	2298	2371	1997	1791	1435	395	1626	1767	1768	1811	1916	2257	1182	2410	1841
38	2694	1662	582
1759	2547	2697	811	1965
1418	293	387	458	1888	1202	962	54	808	863	929	1051	1056	1193	1300	1450	2070	1822	1148	2169	2442	1377	1790	195
2109	1008	1790	2047	1182	1327	2375	2450	1587	1609	1275	1679	1726
985	2505	1813	2674
2157	240	1892	2128	2131	1723	1497	2479	2264
8	384	1267	2602	1986	476	518
165	1460	196	216	1539
1123	1970	1674	2579
825	416	892	1713	1449	1761	2369	1111	1302	2510
62	279	877	723	1865	2316	2462	86
112	1434	862	1812	167
774	1713	1017	2070	2383	2569
144	1764	541	1770	1938
1185	2268	2275	1734
1450	974	2196	444
620	980	2428	663
378	2396	1413	1192
1950	353	685	1899	2355
1104	2101	2426	2431
877	1010	1584	1309
525	1419	1425	214	176
2576	1224	839	867	1067	283	981	1821
391	607	1085	691
900	1909	993	2518
1306	107	1148	1401	499	564	738	898	2559	1885
523	717	941	2174	570
33	1268	2450	1170	1701
378	2691	1413	2445
1640	682	1791	505	2430
722	1554	2502	444
1674	2466	846	2703
313	1394	801	200
2028	1184	1310	1499
724	834	839	2040	1067	1445	2546	1821
1516	973	1312	1351
2346	195	196	216	981	1643
430	1590	1248	1603
28	405	1679	2283	2360
1016	937	1401	1263	1636	1963	2585
701	2674	757	1869
418	2394	2319	476	2193	1122	345	1260	1082	1312	1562	2215	2589
765	74	107	108	250	261	1230	477	152	511	564	2301	2195	1740	787	1377	100	2077	1393	2305	174	1593	1625	1741	1155	1841	1408
39	471	505	1944	2697	882	1366	1358	1511	1615	2126
694	1679	445	1419	1425	1550	1702
109	2147	171	453	2444	1932	954	1841	1019	2674
837	1597	2011	1919	1135	2426	911	2493	2591
1194	453	514	1566	594
469	1026	1095	1287	204	607
774	1145	1323	242	1721	1593
2486	172	1045	284	1856	583	1679	2305	858	991	2468	1122	1043	1278	1348	1534	1995	2470	1556	1268	2502	2372	2438	2556
1728	865	979	1875
1966	2602	2428	2662
19	424	301	1762	2331	1363	1284
966	1245	2569	2297
1256	1478	887	1824	1862	1863	2294	2175	2503
2077	588	525	2386	2387
1721	833	1035	1218	1299	1302	1116	1530	2677	1420
2685	259	342	2565	944	1934	2462	565
1006	1387	1662	715	2121	620	2691
2494	228	1910	2074
106	968	344	712	1264	517	675	1397	1434	1204	1539	1776	1409	2509	2543	535
1760	817	818	466	1212
816	568	1119	1203	1584	2203	1910	1274	2454
1488	1914	1901	1909
580	1057	818	819	2089
718	141	339	1907	74	723	773	1137	1983	1729	2406	2425	1774	370
294	97	370	466	864	1674	1723	2305
535	581	2528	1223	502	1607	684	2560
580	1705	818	2267	1212
6	167	440	446	517	559	924	400	1135	1588	1079	249	323	1440	1041
514	1987	1862	1661	1888
1308	121	233	283	595	788	882	979	12	1693	1703	1778	1620	1984	2103	88	1457	1990	2007
1109	276	467	1812	1602	1945	1527	2000	1550	2070
489	45	490	734	1529
323	2305	2572	2467	2468	1968
1950	2061	843	2037	2647	2658
808	24	39	92	207	269	359	1241	688	784	1529	1632	2213	1110	2523	2301	2586	2175
1300	589	592	703	1770	1509	478
26	667	911	2270
2288	386	2185	2320
1135	538	1822	2263
2694	505	1380	2328	2647	516
286	1364	2637	509	2369	1244
848	312	1235	1807	2476
152	33	1282	1398
2288	293	387	2278	926	605	562	804	808	1418	1740	1051	1056	1200	801	1450	1081	1822	525	2026	2442	756	1249	973
929	588	1577	2707
2251	421	767	876	1006	1292	1449	2615	1924	129	2309	2040	1375
165	2448	2493	216	432
23	1764	2098	1770	1762
251	857	1392	1959	2060	2061	2409
378	638	818	1189	853	1429	2697	1692
2228	2361	1495	2286
247	25	2115	1441	732	778
1716	1707	1855	477	2075	2122	846	2482
1562	1754	1029	1090	2456
993	1330	2286	1332	1696	684
1847	63	247	2330	502	671	2192	1017	750	2529	280	2655
824	825	1215	2214	1216	236
1609	1415	1721	24
150	219	629	825	1384	1707	10
92	378	595	1393	2426	2586
1927	1245	561	2582
97	1282	193	398	388	420	439	519	705	1894	224	1927	1304
1939	163	188	1275	1767	1725
1063	484	269	641	642	646	704	711	445	1158	1555	1793	1603	2133	2001	128	1716	1008
90	257	473	447	875	804	1894	1546	1993
1963	701	2167	1189
985	2092	2543	365
1046	1047	1138	316	2636	1348	2069
97	1607	439	1740	2001
300	2669	1194	1448	453
743	744	635	740	2659
1151	1329	2570	2214
56	210	255	554	1440	514	2191	71	706	876	1246	1170	1296	2403	2098	2494	2246	583	2685
2200	1047	1138	923	1345	1348	407
145	786	1004	1420
516	2268	1501	1307
884	2409	625	2681
1114	1319	704	1283	1771
242	1036	1059	2357
822	1313	384	1655
2143	1113	1885	1886	1902
152	1383	1836	2223
92	58	635	2070	2057	2586
355	1688	523	717
766	548	2203	882	1791	2666
288	1109	1980	1584	1743	2151	2246	1764
386	1866	2162	637	2415
620	2021	343	196
1093	455	2640	1951	2085	2228
2566	511	1163	1355
662	1810	643	817	818	825	1125	2597	1212	1367	1006	1497	1843	877	2371	2372	1142	1860	503	2440
321	1474	1413	2073	2150	120
2449	701	1019	1409
540	808	1214	1980
1892	2030	1235	2130	2131	1814	1270
484	2508	2484	704	1746	1574
359	1940	118	1823	2101	2226	1609	2478
275	1470	39	729	1135	1945	1993	452	145	2546
71	74	155	1093	250	303	345	477	900	2	1394	661	2619	738	787	442	1287	1288	1393	1150	440	1307	1625	1741	1766	2111	25
42	2624	188	539	415	943
1805	589	144	163	180	756	1577	2031	234	415	753	2535	900	706	1734	1872	2403	2102	2103	2353	1032	613
1340	454	539	541	1245	1934
2168	1024	523	717
2596	2057	2484	605
495	1562	496	501	503	663	3	1813	1283	1846	1847	1851	1652	85	2029	2055	948	1054	2393	2396	847	179	1422	1803
985	265	329	2288	728	1755	943	2290	1018	1110	1136	620	1333	355	1466	1467	2309	1053	1729	282	1564
19	424	2353	1762	2331	738	2017
21	1506	2445	2569	2579
104	170	127	1810	1916
1114	589	1713	981	1144	1509	1798
525	269	1425	1427	558
1226	632	788	945	1995	76	2419
10	190	528	280	356	2399	420	2676	510	519	1712	1471	2179	414	1557
770	373	1285	250
1212	1440	554	453	456	514	569	467	2384	876	2387	1170	1296	1484	638	2099	2246	2543	1031
74	834	839	748	1067	1440	1950	1821
1881	2158	1158	575
1814	1010	1497	1651
483	652	843	699	2073	2658
1050	1058	2207	489	646	1724
97	388	2306	774	2579
2462	198	294	425	1066	1963	892	2368	2672
61	240	2623	2128	2131	2308	688	574	1098
268	1383	2247	1652	2701
916	1764	2611	1463	1512	1025	2067	2596	531
964	139	966	1131	1140	2434	2037	1311	1481	1805	2463
1339	485	641	642	1793	599	711	1555	2327	1838	2347	1384	2111	1770	2561
1813	1818	2198	228	2565
2161	1633	690	724	1043	812	814	2251	1044	1080	1110	1150	1222	1229	1321	239	1615	2181	1754	564	554	2422	2244	1299	2297	2304	2055	2471	2481	2698	320	393
293	2394	451	1245	1657	2503
574	1642	108	517	1450	564	738	898	1741	1800
580	798	424	819	1212
351	730	1179	1664	176
900	1249	2576	407	2192
1298	368	413	182	611	1390	1911	244	1499	2378
1505	241	642	685	1584	2355
420	227	2409	296	438	616	1951	2101	1328	1429
52	2625	1019	583
230	2431	986	823	1055	1059	1283	816	1318	1650	1092	2184
2674	995	1230	870	1736	1328
512	995	1230	1231	339	2101
560	588	699	1235	2387
219	757	528	1299
97	1798	1024	2201	2233
727	1117	1261	2000	1199
103	128	219	1264
376	484	1017	549	1546	1574	1407
691	1274	1577	2069
303	1418	2497	2499
659	1126	2344	21	1925	1984	1191	2133	2199	2206	2259	684	2379
1915	1981	1044	352
2605	30	1577	729	1661	819	640	1126	291	1367	786	1497	1843	1685	2371	2372	2398	2399	155	2626
1284	25	267	334	135	1275
1712	534	1045	1542
106	224	1670	1865	1341	731
870	995	1189	2200	1643	1690	2301	1624	2485	1768
1576	1615	1639	770
268	1782	109	2263	2701
400	1086	2021	2008	474	706	2017	2677
22	2160	2380	982	1765	2444
1935	589	592	2113	1144	1631	1798
14	75	190	133	582	423
313	1377	2088	468
238	323	1024	1210	2292
2228	1354	1481	1680
991	1377	1475	2337
1012	1316	939	2400	2486	257
1606	1767	372	538	689	1068	1134	1143	1392	1562	1738	577	1578	224
16	1233	39	1268	1353	269	2029	1307	2560	882	754	1780	2090	2167	2523	2537	2586	2684
2653	40	623	1501	1083	1172	1660	1777	858	1898	1937	541	2097	182	2368
916	106	1087	2048	1512	398	2067	2596	2612
227	2330	1355	1101	1111	1721
1526	2291	1390	1970	2335
1463	282	1801	1814	1821
1780	1003	2123	2403	2581
903	464	1288	2032
507	555	1434	574	1602	1523	2624	1032	2040	2371	2360
165	195	2450	6	1006	735
2440	1775	2147	2048	2193	1795	99	2178	2181	2545
534	2067	2448	452
62	204	339	250	573	635	398	2598	1983	2078	1229	2425	2586	2566
1322	1774	1875	2292	1914
453	481	798	2371	1062	1124	1337	489	2015	1658	277	1210
1431	902	910	964	1164	798	1131	2705	1311	1496	1481	2403	2703
1032	1615	1976	1858
269	519	2438	976
310	1867	668	1530
381	1226	1259	2397	1944
1050	1231	1492	1487
150	583	640	825	1215	236	695
2019	685	1511	2355
