1254	1277	1047	1134
85	275	1057	390	522	1680	699	609	25
1291	1636	2745	1926
501	2005	2050	693
30	31	71	2139	780	1740	2010
297	2033	471	510	768
1580	1966	1980	1827	2745	2110	2111
1183	390	1976	747
285	764	872	374	390	422
37	900	373	374	390	1135	1050
1045	401	1916	460
643	814	1134	149
701	631	659	1918	986
754	173	763	383	384
64	115	488	600	2705	438	1542
459	1584	1657	1731	584	1851	1737
5	97	274	403	1999	637
2014	390	439	534	396	926
452	488	612	643	717
1183	855	2149	1838
2957	1277	1366	2545
293	1900	2274	652
1424	203	1753	1850
652	739	712	1226	1568
1675	3080	1727	1979	1989
88	1949	339	414	1998	1999
386	390	618	654	341	2624
1015	462	390	471	566	2686	673	754	430	662	1004
1037	362	430	1047	794	1475
1230	574	1727	552	1989
978	422	616	699	2232	265
729	737	1744	1538
1222	291	364	390	428	517	437	867	372
5	373	374	390	1411	444	39
821	2901	1756	3274
616	2669	998	173	1000
144	700	1100	418
184	3103	390	522	689	268	699	1928	748	2494	999	743
123	685	3147	887	905	1015	1678	16	2278	1029	612	2686
717	1423	1662	1667	1796
218	1938	71	992
31	1879	1708	1464	685	1006	1279	184	1895	2202	3028
2232	414	3057	922
401	1470	1870	992
1183	2196	976	1838
268	390	471	510	430
429	1695	1681	1710	1667
1046	417	1532	1083	2657
1005	1064	1230	1662	1764	1900	847
113	364	390	862	417
364	1165	32	942	772	773	946
41	281	300	472	533
1254	388	1445	1580
88	291	1870	460	280
5	1766	1457	329	661	2332
16	1135	1550	542	822
149	150	600	69	917	1509	925
903	293	437	609	447	872
108	201	130	2064
265	276	338	1058	1273
51	816	285	996	355	390	745	933	932
1015	1075	1439	814	1478
430	439	1959	1004
34	152	1057	587	459	673	60	689
51	87	1076	167	390	768	483	1343
44	643	946	816
919	416	417	876
293	369	1636	928	763
495	291	390	616	2320
1014	2202	3122	1680	1744
51	2064	2624	2025	2081	439	483	608
167	608	518	275
57	1051	679	2664	1890
1903	1042	2049	772
1059	1634	1695	3202
977	281	1045	416	822
184	1479	390	355	554	1646	699	714	748	263	940	946
390	372	1001	1075
263	297	1926	1004	1013
184	275	3169	2077
1183	1138	1834	926
32	1512	1058	999	1070	663	937	328	1242	1396	1500	1687	1860	2420
1043	276	2507	1634	1894
693	1230	1827	3183
900	1131	372	502	1004
673	297	1314	1990
245	265	749	296	338	444	537	2010
40	709	1158	631
799	2049	704	2159
429	993	64	1860
1	31	97	554	1850	21	289	2340	429	2745	1420	505	533	556	1838	780	862	876	905
637	917	2320	1580
354	1102	2054	460
1695	917	1509	646
364	390	780	522
77	1038	735	1226
1834	31	1680	646	1416	1740	1766
9	385	705	933
2242	1102	85	1959
1256	476	1509	1701
631	100	390	439	551	615	698	2278
2705	1946	3185	3151
942	1017	1549	729
804	956	663	832
30	338	780	772	2091
1812	2332	1879	673
1291	41	1889	1076
1136	659	847	848	828	482
1343	439	1371	1004
1045	1143	2785	678	1542	278
275	390	158	522	714	848	739
273	705	571	2014
1083	472	44	542	822
32	1359	1068	887	905	1469	620	396	39	1568	2669	2686
1158	1752	1445	390	439	483	747	662	1512	977	1004
631	1801	847	1158	1059	986
1183	328	1277	1838
1014	847	938	8
280	669	637	1509	1979
716	69	16	291	364	612	1291	437	25	483	173	745	747	1886	805	976	278	2003
28	422	1291	64
173	1413	1460	1519	263	1848
3078	1632	1307	1475
1366	437	390	616	698
173	1444	938	940
1075	1424	520	846
1004	113	1586	1831	67
447	972	2196	2139
495	631	659	1796	1749
3147	390	439	333	1900	926
121	643	566	552
85	275	2149	390	522	698	663	624	729
769	1744	1416	3028
31	441	987	2221	2242	646	926
265	31	388	372	502
5	97	1766	329	1900	2785
364	1986	439	483	325	308
828	1543	1273	1667	753
514	264	396	764	814	1363	471
553	574	1924	698
688	2420	1878	3286
149	682	325	637	41	1509	302
31	1834	437	1863
1125	57	452	993
390	1799	2274	150
1004	1005	718	2004	1863
766	123	814	24	517	574	699
1193	1966	293	2006	348	2110	1183
1423	832	1704	1980	1457
682	293	1915	932	447	872
1413	862	737	1850
126	471	631	1457
1158	1708	201	2004	518
1222	748	1794	1464	1526
126	1470	3149	2080
2232	1406	3057	717
364	439	1396	1630
1	438	2344	1850
1902	1657	1731	300	1737
2005	1657	1731	1735	2004	773
16	472	497	968	144
1479	58	659	303	390	572	848	5	280	842	987
1633	747	824	933
1017	291	328	460	483
1999	320	631	659	355	729	938
1549	308	488	600	612	682	993
141	1749	418	1102
1406	1584	144	342	1735	1599	1737
2110	1076	100	1599
891	291	373	772	1120	439
1102	817	1731	1735	1737
30	31	3150	646	780	1013	1736
364	2169	1560	2785	547	926
1004	1005	1586	338	1050
1903	1980	2169	2049	816
2494	887	338	270	308	341	1382	2545	514	677	326	925
2784	495	285	291	556	1444	745	747	773
39	592	488	644	1067	469
320	1138	2641	273	1851	2168
0	173	1801	2855	384
0	173	323	2274	2955
265	1879	1256	1004
123	391	439	369	699
940	2005	2050	158
571	1755	439	483	547	749
37	616	383	390	523
3185	2863	616	699	643	748
21	1376	390	814	1632	679	934	2033
265	372	1648	295	3122
584	1116	1366	1634	1894
57	672	901	1636	1890
2553	444	1924	3031
587	643	3228	749
1241	100	390	1980	551	2091	934	1831
218	266	339	418
1812	2263	524	1314
691	1380	1733	1223
856	503	483	353	772	773	946
1004	2202	1586	1831	714
1928	1125	2022	748	999	1000
144	416	1114	1681
1134	738	625	1916	2006
655	201	1794	1577
108	201	610	1220
1014	1380	1029	404
2010	97	1655	2054	661	916
3169	986	275	291	390	422	926	699	919	2221
37	554	218	120	1444	1677
1423	350	612	1980	2050
55	978	22	972
1033	1966	1980	2006	401	2110	1312
2232	1889	3057	384
265	938	422	1648	3122
39	1926	488	644	2118	751
285	998	374	390	439	1794	3274
1059	303	1680	1158
364	390	1423	483	917
369	179	567	1664	780	296	1649
1524	85	705	700
794	968	2049	2050
1542	2863	64	3286
295	1577	2720	742
1067	31	78	218	1033	2006	830	1519	429	1253	332	505	533	534	646	780	862	1787	749
1903	1980	1464	2049	3122
1120	928	1256	574
295	2049	1158	770
3031	1634	1916	2080
390	1242	471	960
705	417	448	531	416	749
77	3305	769	916
487	488	977	643	2340
86	272	373	1070	287	3103
685	737	276	296	338	372	375	2121
3228	1039	609	1470	1542	2050
179	502	780	1419	1474	184	1991	429	2081	41
637	1550	1509	1014
679	609	481	3028
1735	748	998	999	1662
184	3305	1460	1464	1137
34	1710	105	303	1242	572	688	2157	1799	842	672
115	770	780	1419	1230	1664	319	2064	1376	2161
1695	2919	616	698
469	2033	1220	1387
300	1141	1538	9
654	615	422	522	554
164	1083	1444	1478	115
1678	201	1253	838
1424	2923	1753	625
1847	2169	1678	338	372	461
1045	1143	1423	2745	1586	643
659	266	662	437	1979	937
441	547	1528	1382
395	749	386	387	584	179	847	932	338
471	1075	932	1135
2052	263	266	439	769	903	2923
522	370	1678	1994	1998	1999
1359	1550	1588	1749	1915
1532	373	374	1568	439	3175	445
40	288	640	416	418	1736
262	3021	79	716	428	517	538	141	905
108	37	1406	838
391	28	1073	1220
1903	1878	615	685	739	1068	1560	1799
31	502	179	3305	2332	698	1279	1664	1895	2139	3028
1	31	78	400	266	284	289	295	571	1646	1769	505	533	1695	1005	780	392	1374	287
364	3	799	903
584	1657	88	1735	105	1737
876	1900	2955	2957
637	917	1850	665
1359	390	891	510	747
620	471	623	624	3305
2344	483	2624	1059
285	275	478	3169	2664	616	699	978	1926	998	999	1000
770	1542	742	1916	2006
57	1903	1253	2259	1890
1131	1524	1883	561
291	2081	2784	2686
1015	1137	1646	1687
77	572	735	688
1884	362	524	685
88	887	1678	2957	16
55	1039	1129	1937
184	291	2957	616	1859
51	69	561	390	956	1681	624	838	976	977	1004
421	78	1509	1254
287	164	278	846
646	69	285	291	753	390	1423	747	400
218	141	384	992
631	1076	809	848	979	268
58	2863	521	300	699	799
495	657	397	712	3228	1351	349	995
637	766	1509	819
2901	903	1946	2014
276	390	483	8	946	799
1812	956	1900	2955
338	1064	1230	1727	431	1737	1918
669	320	1731	1735
768	566	390	391	439
1033	431	916	2014
1100	1382	1680	1926
2003	381	452	339
856	1029	325	637	917	3122	1701
60	867	422	288	469
685	372	1986	502	655
41	281	1029	1125	822
640	276	737	372	502
1116	2654	21	3305
302	364	640	1733	517	1419	333	699	745	1801
65	1657	1120	291	566
533	1090	443	1776
387	326	637	1509	1584
3078	917	1927	1701
1503	339	735	946
1045	1695	1870	1057
1137	976	22	1972	986	2121
350	375	552	848	2091
126	1479	1701	661	916
263	297	795	1004	2242
1396	201	956	838
390	141	2320	2509	2919
490	701	745	618	763
612	739	1068	1226	1957
956	1980	876	2049	2050
34	152	179	2157	459	1136	865	714
318	230	410	3028
1158	1708	1994	1006	388
285	1090	504	1949
55	747	2545	3103
1038	32	824	933
2169	65	1439	3305
817	574	616	60
429	1206	1681	1710	391
1131	2923	1883	575
538	876	1538	2340
285	291	78	354
24	1733	266	1312	769	903	3122
218	389	1114	1090
1420	1550	847	942
9	318	1165	387	717	325	847	932	933
985	1242	1481	1634
495	657	940	265	2784	979	441	995
1858	643	1500	814
414	69	364	520	439	2011	1863	488	976	977	1004
1158	1029	105	2004	2006
977	698	3043	747	763
51	87	276	332	2196	439	8	972
141	144	1059	993
47	293	444	891	2025	872
179	203	1073	1753
184	275	662	2833
3147	3148	3149	937	628
832	1380	1733	164
1107	318	364	1000	439	362	483	547	1070	747	1004	677
1966	1884	816	866
2139	370	610	715	428
318	364	390	439	481	848	2064	45	39	1001
1236	547	448	531	1895	900
2005	659	1894	643	682	704
1455	291	919	547
297	266	1456	523
99	113	396	764	531	816	262
1949	184	422	443	1351
1812	3014	2955	1870
34	85	275	2340
502	364	390	105	609
429	993	1406	497
385	99	164	423	1351	552	942
300	523	1444	1478	1891
2168	364	390	1383	643	608	799
1	2002	275	291	1219	422	1801	3202	978	748
620	3150	623	624	729
1080	1314	1705	1870	1731	502
218	262	2320	497	2919
79	1312	2540	1743	100
1847	1915	1927	287	152
1183	1755	2641	662
1848	531	1001	1004
22	275	422	274	3151
498	390	2022	608	1371	842	922
119	447	1165	531	822	1470
780	372	501	699	655
280	288	167	28	985
149	150	770	637	517	120	1701
441	880	1236	547	384
121	265	490	471	566	814	673	976	801	905	1004
1979	291	364	390	428	517	1013	2509	1984
383	659	1042	1047	1411	1045
1903	1980	428	2320
295	1125	1764	1902	2657
364	1460	1624	926
22	768	2049	2050
280	326	615	386	2011
297	105	1043	1457
862	1193	1850	668
149	150	1470	505	285	1509	1701
403	1915	1927	1928	542
819	243	328	661	1256
537	2052	768	968
620	621	1776	624	646
291	2112	390	673
349	126	698	1047
587	876	1114	1827
400	401	69	404	663
661	887	654	1850	1976
2010	265	2785	3031
275	390	1001	522	714	438	1416
291	847	364	390	699	1890	643	2006	1165	805
1014	1413	1371	1599
663	179	291	1664	1895
1376	862	1129	2259
364	3028	439	592	1998	926
1479	2050	1883	2011
291	364	1019	1279
2344	2552	383	2669
996	1057	1524	1206
218	876	584	85	2919
291	616	1478	417
55	1014	616	698
390	846	97	1004
1223	693	297	471
1045	3174	1994	1886
925	392	689	3169	739	1068	55	1568
679	152	179	390	97	547	977	766
1911	275	422	381	699	1470	748	1677
821	1858	263	428
556	1801	422	522	554
302	364	832	439	1047	1374	772	986
2049	553	353	1419	1134	1664	1991	1704	2149	1709
291	302	901	902
488	805	663	1273
350	375	2105	657	985
490	1895	745	747	1634
32	685	1500	1
846	1138	1632	1851	152
1406	700	1731	2005	265	1737
662	265	276	296	2509	372	925	1999
422	338	887	902
291	364	262	556	2351
672	16	3165	490
1735	105	230	900	987	998
24	643	809	1990
1634	150	1543	1667	2202	3028	1550	2507
469	291	184	275	390	830	481	373	1039	748	956	998	999
1858	1731	609	3103
41	685	100	416	822
1043	431	1695	1444
55	1134	524	986
265	372	342	445	933
32	86	1042	1047	1411	1870
86	272	934	471	396	2657
28	338	275	1655	522	1129	714	748	1949	1720
572	574	430	616	672	442
1013	1994	1058	1421	1445	1990	1725	1801	1461
113	364	503	391	58
40	144	2509	2091	418	395
71	506	930	403	809
441	1138	533	1633	979	293
47	293	902	0	414	872
1678	520	992	2340
902	506	264	938	940
533	751	994	1735
1720	574	698	514
769	1708	1416	977
1416	447	272	291	1976	278	749	369	439	1926	699	745	1456	772	2654	976	977	1004
478	1236	1107	1174	1500	1924
1423	1277	1704	1980	1219
386	584	1926	396	794	1902
298	3148	44	3150	3151
1070	1858	2351	900
30	179	3153	348	780	1383	105
1847	1915	1136	438	2022
2923	390	439	1704	150	926
45	704	1183	978
553	1383	891	601	3174
1632	1017	1549	1512
1291	862	243	1850
547	574	2014	263
553	718	1382	905	3174
814	471	1456	397
637	1796	995	1701
1445	2049	1230	1727	788	1900	1918
3151	2654	567	3305
70	631	677	979	1894
1550	291	364	390	1895	1681	538	553	1387
1827	447	1980	930	2050	2110	2111
739	608	640	1648
1406	1657	1731	1937	2724
79	1088	1827	1878	2052	1376
977	1737	867	203	1042	1720	1984	1986	2136
3057	2110	659	787
28	48	1695	3078	2540	795	422	442	16	554	699	714	1787	998	423
623	354	640	799
350	615	2545	848	985
712	905	408	2157
1137	1203	882	1972	1701	40
34	1039	900	700
1756	1786	1976	1928	391
32	1701	769	2049	58	1469	610	1876	85	605	2669	2686
1911	1755	1279	1838
130	934	3021	3305
1354	150	325	637	1474	1509	1560
768	887	1236	1633	2118
319	326	637	1509	1799
0	1029	1256	1560
302	977	753	1469	517	668	1526	699	745	2242
1756	1586	158	1928	2022
592	739	1068	1033	1930
900	1107	768	968
605	1411	1704	1980	2050
1203	685	769	2243	905	296	2686
821	1050	1019	3274
295	717	566	2159
1150	265	276	296	3150	3162	461	70
97	2332	2948	2641
86	1737	768	471	780	1648
47	325	396	731	2278	872
79	37	364	2221
524	1542	520	1916	2006
304	748	998	999	268
3014	293	396	397	3183	79
97	657	2507	326	788	979	403	995
2232	2540	79	100
701	1979	276	510	338	372	69	561
400	401	3014	404	663
495	1125	1764	712	655	979	3122	995
1015	1083	737	574	1891
1041	300	302	437	1989	745
47	1863	518	397	1125	872
682	1980	396	652
872	364	390	2118
1043	887	1351	2624	1894
1474	2654	3021	1143
88	887	1678	1695	1050
1924	506	930	3021	940
40	230	900	623	2111
1037	1040	504	1047	1464	1998
1	872	105	848	979	986
390	616	1709	1710
2050	1799	2274	654
1131	184	1883	364
553	887	891	410	2332
123	390	1677	747	699
70	67	275	404	1273	699	2004	748	1460	999
1930	1634	1695	383
1338	374	2050	1891
1343	291	1648	502	1004
1031	355	846	2003
816	1406	452	993
533	1116	1481	832
3028	2274	994	996
291	364	390	742	1380
319	370	1040	715	421
364	506	1701	992	699	799
78	505	506	558
2664	2784	2785	326
79	1677	1354	1879	1938
628	937	3169	303	390	572	688	362	417	842	987
22	123	268	390	439	443	1680	482	1343	631
1206	1075	1220	922
1406	556	1731	164
51	69	1687	534	601	390	1956	77	2351	483	842	745	747	772	805	794	2923	1004
1134	1542	1764	3028	2006
2863	616	1273	902
739	1138	1636	1851	2168
386	584	552	1991	794	1994
429	1256	992	2340
149	1444	325	637	1076	1509	1070
57	616	698	3305
1015	1083	847	1478	3057
22	1277	1366	430
1040	1076	2724	3057
978	392	1937	682	2509	1068	1226	1568
1979	624	714	748	1876	999	1000
403	2324	1001	3175
57	1051	1253	1068	1878
37	130	278	341	1006
1158	2002	483	926
462	1076	1731	1985
184	748	1460	2540	1673
1455	566	734	996
5	905	574	329	986	916
737	57	2507	3175
428	298	2157	644	3078	919
295	1879	1219	2011
993	338	439	554
2785	1090	1769	1135
3021	364	2657	747	1031	804
643	1455	1731	1985
2509	1474	396	397	447	57
28	1903	422	522	218	714	37	1424
1	28	2664	814	390	31	522	1419	714	2919
1848	1470	397	2080
487	1577	612	643	886
1137	1203	308	2863	2049	3274
1766	1411	629	848	985
1989	291	364	353	2196	517	538	1769	905
1649	1138	1632	707	2168
123	364	745	2022	698	804
3080	3103	616	699	1254	999
183	623	2641	1033	3043	2232
741	21	698	2923
1043	2785	1351	1634	794
1423	534	1058	1067	862	1088	932	1219	1568	1396	1500	2324	1860	444
291	1999	714	60	998	999	960
1045	1470	370	3147
862	1577	1850	1918
272	505	1424	862
471	364	423	743	772	804
748	79	218	552	1474	1677
3	3174	1678	1374	1998	1999
34	37	828	354	462	442	1543	685	2720	3028
24	263	266	3174	2149	450	905
34	655	1475	886	459	547	572	809
1253	3148	1073	1220
488	383	698	832
30	2003	780	1725	2091
2049	373	1895	677	3014	3169
571	2161	1253	1636	1890
1080	1314	1359	1058	2118	0
349	616	2066	1423
126	1991	495	661	916
364	31	179	373	780	1584	1766
672	919	3165	1695
506	847	2118	152
296	354	3151	502	655
677	978	867	1040	1584	1720	97	1986	2136
265	1411	1371	1004
1630	1090	1769	1710
2243	2080	60	3175
1014	265	276	296	1646	1580	461	816
31	3148	488	2221	2242	2745	1354
553	887	662	1134	3174
1046	1131	1532	287	2657
587	287	809	3057
1662	646	824	1374	1042	1989
1134	801	1655	123	2006
291	1549	714	40	998	999	1799
86	1884	2324	471
31	441	381	2221	2111	2745	1033
804	654	3149	3150	3151
318	291	1680	460	483
328	1015	1058	395	1070	1088	1150	608	2136	1396	1500	1766	381	2901
1938	2901	1859	3183
1242	57	1927	1928	2022
1033	1560	1667	2014
735	14	439	288	547	926
574	2324	8	3175
364	1129	439	1657	547	86
70	1382	659	979	2169
1980	476	1667	275	1677	1423	422	88	522	554	699	828	748	998	999
1125	372	326	978	985
263	183	471	601	2745
1801	1737	1727	270	308	2901	553	478	514	677	2957	925
1727	2957	780	502	522	1664	1991	2064	2149	1043
1416	31	179	1812	780	689	1766
55	326	483	270	709	799
341	88	179	882	887	423	1560	1664	1143	510	3028
218	2507	1114	2052
661	1150	1646	930
302	364	1041	24	575	804
2724	524	691	397	788	979	3103	995
3150	384	3165	3286
1050	328	2705	1787
40	62	620	1994	624
628	1461	55	1137
2324	278	1230	374	390	439	65
1183	1416	1835	2084
1029	3174	1107	2105
441	880	2705	1633	201
291	364	1764	439	462	1542	986
265	291	372	742	1041
1455	265	1827	144	2052	385
1915	1657	1731	615	1314	1737
22	275	1959	1500	554
1158	1100	1994	1636	2006
471	152	300	390	459	1812	381	689
729	230	1549	623	624
32	685	769	887	448	1786	2553	1911	2278	2494	1107	2084
448	1090	1769	995
2052	1138	439	554
429	1512	37	1710	16
69	422	245	1421	748	999
291	364	842	556	21
1406	1102	1731	1735	1158	846
828	1786	1927	1928	1560
1509	616	801	2686
79	618	1354	448	1938
1046	369	1532	1902	1475
2332	1709	1528	1878	2052	1633
3150	3286	1083	600	612	682	866
318	364	629	2050	481	482	1799	3149	747	291
47	105	1524	262	447	872
1735	932	78	218	266	284	289	295	40	430	471	505	1911	534	1786	1753	2901	1634	1481
1753	1226	396	397	3267	872
1057	384	44	1460	308	341	431	478	1383	677	1976	5
2169	1481	745	3305
993	876	2320	245	2919
1903	1720	184	275	2553	605	522	699	714	1753	956	1532	999
3175	348	520	817
2161	1470	481	2080
28	422	930	1067
1059	1371	1990	1744
3014	608	1886	799
1903	764	2196	2049	2050
700	372	668	483	547	926
531	917	1509	691
631	120	48	304	503	749	3183
2081	230	410	848
16	472	22	1584	822
57	218	587	1863
385	284	1481	1634
297	386	2351	2720	3014	2232
1744	2091	483	926
637	917	120	3028
51	69	1129	787	439	483	1624	819	976	1070	1004
60	1886	58	332	822	264	285	364	390	1479	459	469	1902	1423	40	547	900	572	1073	685	2221	699	700	748	608	905
673	1001	57	700
291	37	245	748	998	999	956
364	505	704	926
693	1376	364	390	264	482	341	616	1903	1080	1004	1005
1058	31	302	848	979	986
1312	1057	1883	1884
2553	747	772	3031
2077	1456	439	483	547	999
1043	2785	392	2139
388	389	575	31
291	937	390	714	609
37	130	537	375	523
65	88	1512	291	1220
2948	972	2196	86
37	2724	272	115	620	574	699
57	553	2507	3175
664	1736	364	390
79	1481	353	3028
32	1038	1419	2081
99	264	108	764	814	2948	1796
280	79	218	1994	876	747
280	1900	637	3122	1701
1	1991	275	291	390	69	1314	846	714	2545
184	422	616	1158	809	717
862	1039	3165	158
1222	123	268	588	717	616	1354	699	701	1959
289	265	2004	338	372	1253
523	1083	1444	817	1891
79	1312	1990	1743	302
441	302	1632	699	866	2168
79	164	1543	31	275	3028	998	3162
45	2785	734	556
3043	1150	1509	28
51	389	364	2077	439	483	1040	932	976	977	3174
926	1277	942	1580
1424	291	390	460	574
1937	2049	152	2159
1406	1584	542	1731	441	1736	668
9	385	386	1847	584	1119	847	2110	2641
34	37	2540	278	1509	2545	1787	3169	2202	3028
184	743	1460	1464	862
423	1046	1058	362	1445	1500	795	534	2118
179	1046	9	1220
273	705	1470	2105
637	917	521	682
184	293	616	1421	2161	748
1966	291	534	390
1812	2263	302	55
24	99	164	986	1470	552	938
1911	333	1678	787
32	1279	769	887	1701	1876	431
1374	1150	1509	442
2785	1550	445	1749	2025
179	1230	32	1220
1135	67	184	275	506	1678	522	3080	714	748	1927	1708	999
51	179	1756	437	429	2344
24	1998	325	460	769	551	905
341	3305	824	933
538	390	243	483	517
354	1102	274	1986
514	1470	1705	374
1014	1059	737	1680	400
64	115	3043	600	612	1632	2833
265	276	717	372	1424
794	268	615	629	985
245	85	659	1655
1038	1526	1769	55
718	2901	1058	1859	1070	350	1150	1219	364	1396	1500	855	1860	482
88	275	1678	389	1976
830	737	450	608	772	678	922
2705	339	3185	999
628	450	1371	1706
1740	2054	364	390
285	291	1291	374	1680	1911
441	1678	616	699	748	375
31	88	672	822	887	287	1279	553	1895	2202	644
296	1831	498	643	447	704
2196	2263	865	2957
1725	1343	2641	2855	144	3267
9	158	523	816
1895	364	390	657	481	482	100	616	2022	144
1396	1380	1733	3057
319	1058	610	1976	716
3151	144	1043	817
1999	268	1226	119	121	1088	1150	1949	1242	1396	1500	1687	201	1891
1041	2324	1006	1475
113	364	1926	391	291
32	2654	769	887	938	1876	418
263	817	471	704	2745
1889	1029	1769	1776
1004	264	392	764	814	816	77
1359	297	390	1984	747	668	900	1075	801	905	1004
397	121	374	390	439	350	445
506	364	390	41	71	608	799
1013	631	2784	979	986
121	173	814	745
566	1150	1343	1646
1	289	787	1850
937	609	847	942
937	571	1383	1135	1039	1720	1984	1986	2136
637	917	937	1863
243	751	737	996
1649	1709	25	1878	2052	113
1550	105	284	830	1376	998
3153	2420	3165	865
55	362	1114	1664
32	285	610	715	716
1903	1624	1588	2050
123	390	2202	3103	699
1387	34	58	85	184	814	285	3183	1634	506	1799	605	471	482	554	547	333	3174	574	685	698	699	700	1863	900	438
448	369	691	1769	986
3147	876	3149	3150	1456
30	672	780	1704	1895
364	1220	1636	698	699	3148
1046	291	1532	1143	2657
1038	1090	738	1174	383	610
3228	1989	753	788
24	325	266	460	769	2004	1006
285	1141	1538	1946
67	743	520	830	987	689
553	976	373	471	780	567
1043	1116	3078	1769
79	644	57	390
79	323	1710	390
429	488	1254	1203
28	3021	184	24	693	422	643	699	714	817	956	998	1416
1550	1017	469	1624
1013	1046	1058	1895	3043	1500	830	1801	431
37	665	218	179	876	2664
1223	1125	1532	1727	2657
3	120	459	273	503	749	814
503	804	1946	2014
353	1396	1708	1687
296	917	699	1701
41	281	300	30	296
1633	2077	410	631
795	452	1230	1727	1764	2274	2420
1445	14	78	270	308	341	1894	483	514	1206	867	2263
265	372	1735	2724
291	1242	1848	439
1588	443	522	1416
2344	1376	925	3228
824	1543	1662	1528	1796
1979	1075	1444	1387
1125	1001	1371	1599
28	422	749	65
441	880	1206	1633	1986
77	609	57	3028
2121	338	1911	902
3175	274	714	748	999	1976
488	838	932	832
280	288	326	1141	384
423	1469	799	1004
1102	364	390	1858	462	608	2420
1042	372	422	1740	3122
518	1138	1632	809	2168
677	404	471	510	747
32	2957	1752	85	3202	2901	928	417	390	439	891	2077	471	731	272	547	571	572	574	2351	668	699	441	748	887	905
2010	2654	483	707	709	876
3028	230	620	1273	624
531	342	8	770
2705	1080	3185	664
999	1419	1423	704	1542	2050
400	1812	403	404	1794
1532	476	718	742
2259	993	1291	3078
934	184	422	2202	469
30	179	567	2232	780	2664	520
1222	1799	264	932
926	88	179	882	887	1006	45	1004	1766	2202	1254
1406	2064	1731	1649
1519	326	615	629	1633
30	1100	1165	1847
2720	742	2833	1374	1979	1989
126	243	86	661	1461
682	123	268	390	999	855	698	699	448	1382
1075	665	663	968
329	814	816	996
2064	1354	1859	3183
183	2901	333	483	547	926
1363	1526	1834	1838
280	288	659	978	3014
275	390	422	341	714	385	362
1890	2552	2033	3228
2118	1470	1040	2080
32	693	2202	887	905	1876	1376
452	1380	1680	1769
88	887	1678	506	422	1359
28	275	1424	2006	699	714	22	1120
673	1279	1376	320
1038	123	272	278	3	574	141
847	1858	652	747	772	804
2540	2833	488	600	1812	682	866
1043	1755	926	2139
319	67	62	422	522	926	714	748	1038	1946
395	389	753	422
291	794	2784	390	558	230	747	772	804	714
388	866	753	652
705	278	373	374	652	3122	445
270	275	349	390	522	584	1416	700	876
612	1657	1731	2168
55	972	1633	70
270	1769	1223	1972	2049	2010
1456	1550	1588	1796	1029
1461	291	1946	616	698
572	628	575	616	438	709
40	1088	230	2654	3021	822
291	2654	1116	2686
1850	662	838	699	714	748
1015	1787	739	1444	1478
828	1005	1662	1439	1796
1479	1927	2010	625
152	764	349	390	618	698	699	700	1464
1100	373	566	390	439	444	1183
288	275	422	1376	1667	714	748	2118
364	390	1478	608	772	447	302
2091	751	994	1634
1710	1794	1930	1532
1577	390	471	1911	747
364	390	1037	77	2159	799
16	472	497	2324	985
2161	522	1834	748	668	1000
70	1013	659	979	1794
1479	1879	2641	1137
141	341	1456	817
1879	120	295	1989	848	749	819
79	828	669	372	704	3028	2161	3162
218	266	25	1664
37	123	688	1834	787	574	699
712	1058	372	502	1004
592	2136	1068	1226	439
637	3183	1509	387
2003	1083	996	1444	1478
643	1006	1859	3183
289	291	390	460	268
3162	37	917	278	462	609	654	1667	1343	1363
1041	610	3183	1475
183	605	2641	1383	1043	588
184	497	616	2003	1203	748
295	2320	1879	770
1470	1915	1927	1928	2006
273	390	483	707	741	1076
79	1847	2010	3028
32	392	1737	685	672	766	1226	1524
1015	1083	1889	97	1478
86	115	297	2243
295	476	1193	887
1657	370	1678	772	1998	1999
47	262	1787	471
1307	814	333	866
1137	880	1223	3150	287	2121
119	1736	448	1500	665	900
502	348	780	1664	1895
2553	364	390	439	1915	482	2054	1445	747	1031
32	1799	183	972	481	1766	285	364	262	439	459	469	3305	1138	1580	547	571	572	574	1469	698	2259	625	748	887	2139
799	395	396	1000
1796	584	460	654	677	932
930	584	618	654	1678	203
1509	201	1136	1068
144	2278	1532	1902	2657
287	1064	1230	1727	437	804	1918
1129	375	2833	3078
1120	739	846	1560
297	373	471	996	417	448
51	318	364	390	1102	482	556	40	2955	1634	1004	1704
355	1543	1662	1667	2957
28	3228	661	275	291	2332	422	442	1994	150	739	714	748	998	628
2050	1744	1549	1624
285	1709	450	300	772	842	2509
561	364	408	439	3202	747	772	1577
183	1928	2641	397	2121	3267
144	99	999	383	518	552	588
1681	265	276	1755	338	718	2957	561
1014	1059	1380	1445	1067
293	1911	2022	652
77	553	735	705
0	173	323	749	245
245	67	631	3169	691	729	1916
291	542	243	928	699	745	1664	2014	804	805
245	1989	349	390	2005	698	699	700	1911
149	150	325	2221	628	1509	284
1193	1966	1439	2654	1045	2110	2111
1503	522	164	699	714	31
167	1461	872	1706
616	28	354	999	1000
495	866	659	130	743
2955	422	469	2641
67	105	390	1219	289	3122
751	2066	654	1470	1542	2050
715	1938	1930	2003
37	552	373	374	1478	439	661
3228	1363	1957	2014
62	297	390	2654	1406	497	2025	754	567	905	1004
1701	1580	1376	1990
28	956	422	2705	699	495	1756	999
1045	341	1916	2320
280	326	615	1100	461
263	150	325	637	917	2006	1860
37	130	1223	390	678
1542	795	558	742
2278	780	1737	2066
390	437	62	108
40	428	1236	764	418	822
2344	770	1193	3228
1858	640	2545	1956
1291	355	1889	523
1456	1550	900	976	2025
1059	1380	1646	556
1045	1470	2863	865
2919	855	533	862
1119	2901	1474	416	418	822
302	364	1891	1584	745	1916	1890	805
383	40	274	329	661	2064
2324	414	287	554
742	275	2050	2112
291	1125	364	1979	1675	652	747	772	804	1989
48	1059	1380	1006	1744
0	644	323	383	266
30	2420	780	2705	1895
390	414	742	865
71	506	930	993	520
1755	179	1150	437	934	745
3228	1895	691	928	986
1059	3165	1680	610
628	442	533	862
1756	1057	1927	1928	372
37	1994	1464	278	876	905
64	1383	498	865	682	880
930	1708	1439	1657	1731	1736
930	2025	714	748	999	2121
123	1141	203	561	699
882	275	422	1706	554
637	57	1543	1701
40	1	620	370	624
287	478	554	846
28	1787	274	167	522	699	714	748	956	401
2259	2724	443	1050
1045	1568	1870	1766
265	1985	338	429	502
30	1580	780	1374	1057	916
659	661	662	1076	533	1070
505	1040	1776	1047	1411	1017
1046	437	698	960
2081	395	396	1100
1966	780	1831	2066
308	661	662	575	856	1070
1040	1980	1371	441
1	31	1769	1743	266	284	332	1380	429	274	824	505	428	534	32	780	2332	876	905
113	490	452	993
1850	487	673	960
1165	574	698	1223
285	663	644	374	390	2242
556	631	273	731	743
450	1411	1705	2080
1980	887	71	1850	1976
2705	770	1220	3286
763	506	930	938	1744
349	441	738	2221	822	28	3080
2494	88	266	291	32
55	3149	264	2901
201	977	1727	1979	1989
749	395	901	902
809	1141	1538	1801
51	318	302	390	1470	1949	709	616	698	747	1827	39
1219	1314	662	1657	1731	2540
1918	1984	25	2159
443	668	1058	1236	1445	1500	661	1918	2118
1107	262	297	521
144	678	417	1359
183	401	707	993
184	748	1858	471	1526
673	483	1376	3169
748	1075	848	1387
2552	1090	572	1174	1776	1051
1045	876	729	2084
2705	460	2274	2664
922	8	1731	1735
571	887	698	968
31	295	876	1223
1989	203	498	1919	1273	704
308	270	390	37	350	679	934	1005
2552	1709	1827	1878	3174	882
447	1980	2033	754	2050
121	643	3147	1374
1236	401	403	404	1998
1586	1219	1107	1165	1776	1924
1029	867	672	2105
1230	1241	2014	1979	396
113	364	390	1524	1926
364	16	937	150	547	926
429	669	389	1919
1406	1657	342	332
551	1038	483	1737	772	773	946
445	1957	662	718	856	1928
265	291	372	41	916
553	1456	891	905	403
67	3103	747	302	987	998
1796	1206	478	1560
325	1343	1859	3228
141	1406	1314	817
1047	1550	1588	1749	739
287	348	58	553
375	297	471	646	2745
285	2351	615	547
297	705	1664	1420
932	1138	3147	1478	1851	2168
149	1279	3043	637	917	1509	1657
612	390	439	280
51	561	764	1895	439	1744	483	3165	2948	747	1004	1005
1359	1	938	940
302	364	373	438	2948	551	1143	1632	558	1956
664	373	1461	2720	3014	0
40	389	547	788
572	574	39	616	2242	1884
1039	737	905	942
1038	1354	1769	452
126	243	809	661	1756
265	490	422	445	1396
1005	646	780	2159	2091
31	503	876	1695
179	1226	1538	1911
319	2324	610	100	716
1031	1363	1884	2003
1076	401	403	364	693
572	574	430	616	349	1206
1045	930	2002	369
521	288	326	978	1073
275	390	1445	1138	44	748	999
31	87	2923	1863
28	422	2006	1136
769	788	374	2157
280	1004	637	1509	979
123	819	1870	1886
62	297	390	471	566	847	478	665	3057	916	1004
1787	608	276	799
423	605	2641	976	926	3267
1424	1863	542	1949
291	302	276	338	372	821
364	615	747	483	517
370	768	514	838
788	1371	1695	2105
652	2324	386	387	928	654	855	932	933
644	872	1509	1646
1158	1708	1994	1383	665
1847	748	998	390	1000
847	275	501	502	655
2232	1766	3057	3028
1847	1254	1927	1709	2022
404	1150	1646	416
441	556	266	2105
887	320	631	659	1657	1076	741
1708	2332	126	2955
22	123	268	390	978	158	2006	956	1859	766
891	275	2161	976	554	616	691	714	748	998	280	276
369	495	522	1416
65	88	25	682	566
1067	278	373	418	390	439	1848
442	646	780	1019	942
439	1858	679	3274
1038	773	39	1776
364	716	501	926
1068	275	522	2066
1230	518	1727	1979	40
32	685	1903	887	1681	385	2686
364	1005	374	926
32	524	768	999
768	1646	814	1884
429	2332	1657	1731	1735	21	1737
30	395	390	1568	1979	1989
32	392	615	1005	739	179	3148	1193
30	780	887	392
2169	1599	3021	685
441	1138	1256	682	1851	1911
34	85	318	685
1532	505	302	646	439	745
537	14	1174	270	308	341	431	917	2112	662	701	925
353	1150	2320	1980
416	298	488	2948	1183	919
748	403	504	547
5	1735	631	329	661	445
1029	734	1538	3078
1918	2049	341	1924
1380	443	1586	1519	1675	1848
429	1512	1736	1710	1479
65	1740	1801	291	566
2785	1380	1733	355
919	85	699	1457
108	1	1136	2111
2259	483	2833	655
441	678	1632	1851	2669
302	364	1930	78	517	1831	2332	1165	745	1956
3228	698	903	747	763
1469	828	285	291	275	390	745	747	5
24	1850	1794	423	2022	552	588
688	390	497	483	517
218	876	2320	1695	1143
21	1705	698	2923
1500	1584	2664	1731	1735	718	1737
1338	179	1366	2112
1406	1657	504	1057	1737
1307	698	483	926
291	364	2901	2540	462	968	799
1291	400	1889	531
280	1135	615	1100	985
1043	1116	2833	933
1662	130	278	734	523
1740	1343	847	942
1406	1681	1731	16
1312	3175	1753	1949
69	295	1456	1457
144	342	566	2955
677	678	867	1059	1630	1720	41	998	1236
1858	623	1994	3103
2202	298	488	2507	1076	919
659	661	537	423	443	937
3149	1461	1648	693
1070	123	268	390	2157	616	100	679	701	1831
3	438	295	304	503	609	1445
293	123	937	278	517	388	699
389	390	521	1794	430	799
55	319	390	439	745	77	1444	805
1959	717	1307	1475
2705	1701	754	422	522	699	714	308	998	2196
32	685	276	270
1858	1859	1976	2351
905	348	79	278	462	916	805	1667	1989	3028
22	69	272	291	566	390	1879	688	293	902	699	745	747	121	805	44	2004	1004
9	385	763	2259	1850	654	847	395	933
1220	372	1138	1004
459	1799	1421	2664
184	1526	390	616	737
930	734	364	390
994	416	417	461
30	816	1876	646	1043	1383	1649
3147	14	3149	3150	483
1119	631	3021	731	743
291	1273	390	1890
1038	273	1769	31
441	804	272	2105
3202	1131	809	814
5	478	2169	329	1725	916
1038	1090	291	1174	2263	1444
30	646	1107	1019	201
1343	631	659	2232	743
1045	1470	24	748
2657	369	691	848	986
390	616	1764	1383
705	1222	1528	2105
273	1236	339	1420
677	678	872	1135	1838	741	476	1986	2136
300	780	397	2066
1100	623	1560	439	795	482	483	616	887	1005
1930	814	296	866
60	1223	422	1891	469
32	685	2080	887	905	421	1705	1876	2278	416	1680	510
123	1013	439	1859	699
28	1088	422	522	714	167	999
769	284	1193	2157
51	69	285	1383	795	1406	1709	747	773
462	1755	814	1838
2242	1756	276	338	372	495
1526	1657	1731	1735	375
285	1989	45	105	772	842	922
452	867	364	390
179	1543	1116	769	1474	1526	1991	2064	2149	1114
828	742	448	115	822	900
1050	1630	1524	689
280	1580	1532	1902	2657
152	45	318	1680	390	439	1994	608
1890	390	794	483	517
1500	1119	3043	1475
2136	1057	804	1787
917	97	274	319	661	1911
1015	1083	3122	1444	115
55	972	1137	416
1528	504	1673	1959
1	28	275	291	1903	392	3043	587	1984	748
429	1474	1254	31
865	1413	1421	623	1174	326
805	265	276	296	2118	498	1916	561
266	390	1050	747
1756	1039	1848	1937
2553	2654	2785	30
1033	1046	1223	1236	2624	1500	1725	1966	2118
865	992	58	1519	442	1848
364	390	481	1478	867	926
1423	462	659	787
689	37	917	278	1884	609	1543	1667	3183	1966
447	441	1705	2080
302	502	1120	439	745	3149	772	3021
265	574	664	362
30	443	567	646	780	673	714
302	308	373	1138	517	668	669	1876	1831	738
506	275	1794	940
28	3202	942	275	605	390	657	442	901	554	699	600	748	998	1456
1277	609	2202	520
717	179	780	1664	995
3	1193	2064	304	503	1850	819
1479	179	2010	575
245	320	278	751	691	729	1068
79	388	1580	1667	566	284	3153	3162
79	1312	1580	847	1938
34	58	610	628	2332	572	1542	698	1550	842	987
490	698	1136	747	1064
78	349	1903	862
554	621	623	624	3043
79	272	2340	534
364	830	483	608	1141	616	946
1737	1752	1753	1930
1599	1959	734	996
417	390	1256	1560
1031	14	1930	1680
1138	685	768	1013
245	333	1851	672
618	731	1543	1667	1141	78	3153	3162
385	488	410	643	644
297	77	3151	2720	3014	274
364	390	1193	483	1678	2196
1633	574	1695	616	646	1131
1183	663	1834	657
925	1116	994	1634	1894
1046	1125	712	1648	2657
121	1512	1681	1710	400
620	621	71	1708	625
1043	1131	1709	2139
1560	338	3021	3305
523	1017	922	1624
592	739	1068	318	495
1924	1102	1673	1655
521	184	422	443	276
34	443	1119	303	1938	1568	688	698	1586	842	987
1632	571	276	296	922	372	461	2110
503	354	822	374	390	439
487	1786	612	643	1014
276	338	1599	799
86	2624	373	629	780	1959
2159	265	293	338	372	731
1029	1634	1120	1
108	201	2919	1528
2340	390	2274	747
1038	5	1058	1776
592	179	302	1835	439	476
21	1704	390	1984	3274	679	934	1017
1812	609	1351	2955
1019	1755	734	996
328	1100	1528	822
2169	2654	809	609
184	2901	1421	1519	1675	97
79	2066	364	1586
64	866	1524	643	682	902
51	1624	534	291	3147	390	751	572	1916	1678	699	745	624	772	805	428	977	1004
349	616	1860	1138
1004	318	1878	1831	1863
381	2049	2077	1704
522	646	780	2263	887	1989
268	1966	439	926
5	295	481	329	661	1657
1050	1057	995	1677
375	880	401	1633	2118
184	992	390	431	1827	616	699	693	1667	998	999	304
1586	1406	618	707	709	799
31	441	2420	601	623	2745	3080
2149	230	410	2081
296	372	764	2494	655
218	2202	992	986
3286	291	992	2340
1165	390	450	1930	772	842	1445
293	369	691	1878	1577
905	1657	490	1735
1423	1236	1704	1886	2050
99	326	1406	764	814	495	847
287	601	663	471
2540	1470	285	2080
291	616	1131	1633	998	2641	1000
2011	439	799	416
2259	799	1989	3078
1046	1125	2161	1677	2657
1256	150	184	1006	291	69	422	731	2136	554	1413	714	748	998	999
390	422	673	183
441	643	814	506
349	1273	421	699
2494	1461	709	1706
28	67	2050	275	2263	865	522	764	2118	748	819	998	999
1006	390	805	747
1004	65	164	423	354	552	588
390	1291	521	968
408	266	876	1667
390	1984	1047	968
414	34	58	85	184	2351	285	769	441	1203	25	1512	121	482	522	749	289	572	574	685	349	699	1946	739	887	905
1017	265	2202	296	940	372	2664	561
218	1886	664	2084
280	476	558	1736
55	917	0	972
3185	1017	673	748	999	1000
1014	609	1380	2957	1744
273	370	1474	1420
51	9	745	332	390	498	62	608
1457	620	994	996
2169	1677	3021	1256
350	3	1796	848	985
390	1277	439	1469
905	1314	1359	362	1731	1543
3021	320	624	1312	691	729	741
291	302	887	390	699	1387	2552	1150	804	717
